0	0
1.27E-08	3.63E-10
7.64E-08	1.31E-08
3.95E-07	3.48E-07
1.99E-06	8.82E-06
9.95E-06	0.000221119
4.98E-05	0.005527107
0.000248775	0.137729617
0.001243887	3.385528572
0.005675156	65.13293966
0.014247888	347.1297655
0.026548569	916.6845917
0.042322151	1558.34934
0.060421539	1888.454463
0.081714161	1783.242624
0.103003184	1473.785192
0.126831143	1198.223507
0.16256347	1038.331437
0.192714475	970.3840763
0.227958187	861.6355464
0.273968272	717.7980903
0.317789164	610.3487334
0.383996307	478.0172216
0.453943063	369.3601757
0.527668732	281.8908057
0.612984658	209.8375881
0.661233469	171.0250211
0.70948228	143.8018561
0.777990971	111.506427
0.858067977	82.41298525
0.938144983	60.59838902
1.007209994	48.34543119
1.070313491	38.79254549
1.135421253	30.41272128
1.200529015	23.63700003
1.275005628	17.6722481
1.370565761	7.643658684
1.416680484	11.89869239
1.462795206	9.063719826
1.526669675	7.242481022
1.626135965	7.587620446
1.678743329	3.982215273
1.731350693	3.278964005
1.845286589	1.221096625
1.906280538	1.582641326
1.967274486	1.40413072
2.063346249	1.610249335
2.125370426	1.050081541
2.187394603	0.665320912
2.273620993	0.368955617
2.350805469	-0.56880002
2.427989945	-2.46408391
2.493076608	-0.85440462
2.547445998	0.117801727
2.613008766	0.0807614
2.737297154	-2.148196392
2.79108973	0.033109732
2.844882306	0.06510297
3.013099993	3.782390226
3.060071584	0.162778961
3.107043175	-0.238917865
3.185230488	-0.558194618
3.2634178	-0.488108417
3.336287071	1.1794463
3.396997868	0.687250413
3.457708665	0.163834098
3.530492903	0.071073181
3.625374726	-1.125532072
3.674658131	0.537649522
3.723941535	-0.027621444
3.802103243	0.118652915
3.879086462	0.576165825
3.956069681	1.344340293
4.027811606	0.875403779
4.089606943	-0.23794197
4.156871679	-0.486451766
4.245178979	-2.964134804
4.297890528	0.026456353
4.350602076	0.029107052
4.465751041	1.04550814
4.525836608	0.127682171
4.585922176	-0.016216269
4.685064994	-0.572165508
4.747898217	-0.283211025
4.81073144	-0.059689706
4.896489791	0.098032233
4.972145544	0.916930977
5.047801297	2.335742285
5.113090827	0.900142813
5.169092381	0.011260738
5.236589366	-0.015620864
5.347782109	-0.775068626
5.409704583	-0.272514735
5.471627056	-0.032909544
5.558002013	0.186583986
5.626242542	0.433694652
5.69448307	0.401065418
5.772377591	0.481889847
5.850371007	-0.693142691
5.927923125	-5.415101952
5.975348185	1.230060361
6.022773244	0.130641368
6.087415302	0.195034846
6.189103199	3.027027023
6.240542134	-0.05640484
6.29198107	-0.054395962
6.395359044	-1.012770609
6.456724925	-0.175988197
6.518090806	0.024706328
6.611251353	0.653913453
6.673465901	0.295667909
6.735680449	0.057099595
6.820834733	-0.0783673
6.898645466	-0.96748468
6.9764562	-3.086441761
7.040529149	-1.021405155
7.093655139	-0.067901942
7.159650572	-0.091374348
7.273899473	-2.756889651
7.32567542	0.00081619
7.377451367	0.047329082
7.496151483	1.993719248
7.55007804	-0.006475316
7.604004597	-0.007203248
7.747886577	-1.032621161
7.806206744	-0.068211973
7.864526911	0.005827749
7.976499675	0.418512613
8.040372319	0.24800713
8.104244962	0.064076404
8.192135699	-0.104423906
8.265781209	-0.918388388
8.339426719	-1.93771503
8.405141967	-0.796416698
8.463220008	0.020898429
8.532359296	0.123149955
8.614743758	0.565453319
8.69712822	1.497901712
8.768853457	0.119551068
8.829574801	-0.54396456
8.914112637	-3.294139648
8.965820265	0.191606625
9.017527894	0.039507927
9.107684539	0.388119081
9.179496269	0.440158401
9.251307998	0.141994825
9.328737991	-0.898292809
9.386231103	-0.1559185
9.443724215	-0.012627124
9.54238327	-0.065001501
9.658490464	1.557419992
9.704670876	-1.665957135
9.750851288	0.143079515
9.813970285	-0.093944978
9.909942044	-1.806632164
9.964577474	0.035559413
10.0192129	0.002047247
10.14670065	0.163833889
10.22372283	0.28976388
10.30074501	0.126348403
10.38468913	-1.889013269
10.43351262	0.74039302
10.48233611	-0.022851854
10.55529708	0.141482937
10.63049828	0.464838119
10.70569947	0.795668316
10.78112702	0.543941433
10.84955571	-0.789954523
10.92418694	-2.921203319
10.99086435	-2.065824188
11.04430666	-0.022580106
11.10263606	-0.019402213
11.21708698	-0.758019482
11.28074196	-0.241636441
11.34439694	0.015931717
11.43215744	0.676133269
11.49288869	0.258517897
11.55361994	0.043487721
11.64153408	-0.005273132
11.72650063	-1.163118633
11.78629914	-0.380142981
11.84609765	-0.054892745
11.92775945	-0.009662923
12.04528716	5.863175076
12.08643824	-3.356357338
12.12758933	-0.399253136
12.18172639	0.070556913
12.27369392	0.405082532
12.35136142	0.157384444
12.42902893	-1.82945063
12.47974907	0.503285357
12.5304692	-0.01195779
12.60886525	0.119354064
12.6814605	0.315061619
12.75405575	0.41636911
12.83612773	0.565328811
12.913443	-1.56227075
12.97073691	-0.30601033
13.02803082	-0.025508234
13.11462519	-0.068751798
13.24823069	1.040431522
13.28750349	-4.589936433
13.32677629	0.117224441
13.37927101	0.171755052
13.46205189	0.69308595
13.53048003	0.330643412
13.59890816	-0.167949442
13.68125134	-1.890955836
13.73620453	0.028808867
13.79115772	0.001345843
13.92406281	0.122788379
14.00663181	0.300479394
14.08920082	0.002752303
14.17304962	-4.566484488
14.21841228	1.82865804
14.26377495	0.092917882
14.32447931	0.129274871
14.41036886	0.735698674
14.478102	0.381987268
14.54583514	-0.080101692
14.62579911	-1.232393348
14.68343983	-0.158831426
14.74108056	-0.009926661
14.83864211	-0.003987173
14.92573673	0.583108013
14.99367907	0.82240536
15.06162142	0.564039263
15.13022167	0.070074962
15.20415236	-0.712622001
15.26306023	-0.191921377
15.3219681	-0.023010599
15.41591944	-0.041632925
15.50941997	1.170562901
15.56634958	0.146277789
15.62327919	0.009263921
15.7235625	0.066205657
15.88466548	-2.022283436
15.91834249	17.24499205
15.9520195	2.461354995
15.99247348	-2.813320201
16.04492384	0.0547624
16.09737419	0.029830776
16.20524925	0.753502561
16.26893576	0.219073377
16.33262228	-0.030453347
16.42197651	-0.827663373
16.48191263	-0.239556006
16.54184875	-0.029930594
16.63117249	0.029565174
16.71270126	0.822426451
16.77785786	0.690294913
16.84301446	0.271713126
16.91451201	-0.029592179
17.00006598	-1.772292482
17.05277122	0.247073673
17.10547646	0.000338187
17.19503596	0.111527803
17.27031139	0.336346358
17.34558681	0.542784073
17.42612799	0.510945161
17.49976409	-1.654271707
17.55642502	-0.17036132
17.61308594	-0.009439419
17.71061364	-0.064044188
17.87056889	-1.647087689
17.90506299	-13.3412122
17.93955708	-0.859101091
17.98249233	1.914242972
18.03945096	0.099266407
18.09640959	0.001320066
18.2021734	-0.076396292
18.27263417	-0.18325667
18.34309495	-0.203262989
18.43505102	-0.725021214
18.52307023	2.511001277
18.57531089	-1.151916769
18.62755155	0.064660037
18.69451515	-0.031409849
18.80846963	-2.609035158
18.85722229	0.57376795
18.90597494	0.034552316
18.98148687	0.241618793
19.05699467	0.573134606
19.13250247	0.726830114
19.20513568	-0.132408032
19.27544338	-1.508314408
19.33110152	-0.023558403
19.38675966	-0.000359798
19.53476395	-0.09344481
19.61151784	-0.205603486
19.68827174	-0.215503353
19.77758674	0.727877299
19.83624635	0.411564778
19.89490597	0.066765774
19.97632134	0.120854518
20	0.616038696
20	0.616038696
20	0.616038695
20.01159316	-243.2017046
20.02318632	-757.4676964
20.04143163	-1530.79852
20.0629566	-1898.888057
20.08669521	-1716.326364
20.1080292	-1403.489922
20.13323251	-1151.247088
20.16272008	-1037.461485
20.19220765	-972.1969221
20.22767831	-862.7626792
20.27352509	-718.9414741
20.31721984	-611.6016141
20.3829287	-479.9237804
20.45247855	-371.3891121
20.52676829	-282.8266601
20.61384287	-209.733429
20.66109052	-170.9147119
20.70833818	-144.3672614
20.77426075	-113.0561454
20.875671	-74.5574594
20.92632186	-64.67663559
20.97697272	-53.66990781
21.07565862	-38.32942205
21.13677419	-29.88031895
21.19788976	-23.67706827
21.29105001	-16.1499149
21.35354524	-13.03667704
21.41604048	-10.53221944
21.50069164	-7.843533821
21.5774567	-6.781008968
21.65422175	-7.066606313
21.71895114	-4.408916638
21.77360224	-2.866613336
21.84051522	-2.251023198
21.96827893	-3.568880777
22.02284953	-1.173168709
22.07742012	-0.917581208
22.21181441	-0.343828843
22.32169637	-0.191284299
22.37194834	1.08630964
22.42220032	-0.440216521
22.48782127	-0.194278107
22.58073701	0.771632167
22.63761154	-0.029827315
22.69448606	-0.089821014
22.805486	-0.014190783
22.90532991	-0.618750187
22.96683925	-0.5831563
23.02834859	-0.202481889
23.1043958	-0.181153394
23.19689165	0.815498616
23.2525268	-0.006043245
23.30816195	-0.009827306
23.51688216	0.592960605
23.56761155	-0.21872787
23.61834095	0.006811151
23.71185648	-0.112847017
23.77901435	-0.219857936
23.84617222	-0.173151853
23.93594376	-0.56498631
24.02705467	1.710679919
24.08132568	-0.429345003
24.13559669	0.005213765
24.21661115	-0.029502346
24.30607538	-0.39361817
24.39553961	-2.707117065
24.44897863	0.022510645
24.50241765	0.015121415
24.62509412	0.82677882
24.68689829	0.150590421
24.74870247	-0.027073735
24.84481141	-0.802153929
24.90506422	-0.231335511
24.96531703	-0.027565096
25.05518354	0.065090128
25.13180885	0.651556462
25.20843415	1.821515036
25.27818344	1.312039076
25.33653053	-0.028166415
25.39926769	-0.087275718
25.4861335	-0.564604912
25.57299932	-2.166901146
25.62946623	-0.02555843
25.68593314	0.002580231
25.8149143	0.362011604
25.87877971	0.197011017
25.94264513	0.043760639
26.03470964	-0.177344797
26.10180731	-0.527237363
26.16890499	-0.468926004
26.24418837	-0.511134777
26.32002506	0.322488119
26.39593603	3.157626056
26.44693234	-0.53401859
26.49792865	-0.014101447
26.57457554	-0.162835612
26.65232657	-0.516629567
26.73007761	-0.911945901
26.80385779	-0.109456668
26.87092734	1.138731784
26.92887378	0.189925035
26.98682022	0.015011928
27.08117851	0.019790308
27.17371517	-0.8400737
27.23519758	-0.487389257
27.29667998	-0.121603035
27.37427538	-0.059728414
27.47418607	2.383352816
27.51918658	-1.408220658
27.56418709	0.007696451
27.62888987	-0.169909885
27.70606434	-0.550391217
27.78323882	-0.986662078
27.85608558	-0.237164592
27.92205338	0.84067884
27.98561055	0.618977723
28.04916772	0.207651928
28.12265481	0.021287273
28.21284316	-1.885845911
28.26280325	0.558439115
28.31276334	-0.010536983
28.3896594	0.141404359
28.46162539	0.328231958
28.53359138	0.386697986
28.61525392	0.432722814
28.69400797	-1.869192415
28.74787113	0.269002662
28.80173428	-0.002571282
28.89029267	0.052201154
28.96667618	0.211614348
29.0430597	0.434545959
29.131059	1.187705429
29.20699469	-1.614132028
29.27167017	-2.839432267
29.33349079	-1.005030878
29.38820786	-0.010348789
29.45568661	-0.026439329
29.56487934	-0.691615347
29.630992	-0.275984006
29.69710466	0.065942386
29.78248985	1.211841781
29.84009838	0.149664272
29.89770692	0.008945449
29.99649753	2.87E-05
30.08181245	-0.530921354
30.16712736	-3.782050505
30.21748325	0.346066966
30.26783914	0.068131793
30.34892078	0.36327973
30.42275928	0.539524731
30.49659779	0.295744188
30.5707885	-0.836184485
30.63304521	-0.665586305
30.69530191	-0.215563427
30.7681445	-0.094480012
30.85741559	1.042674824
30.90861053	-0.363300511
30.95980547	0.016958254
31.04398424	-0.084783979
31.12074615	-0.459572135
31.19750806	-1.104230325
31.27258192	-1.148688482
31.33651981	0.294882338
31.40059688	0.495281913
31.48810238	2.987962144
31.54078118	-0.048253632
31.59345998	-0.028128822
31.70299227	-0.771219089
31.76644102	-0.209203683
31.82988977	0.032935505
31.92012271	0.852790476
31.97999459	0.237235964
32.03986647	0.028254154
32.12944378	-0.036657419
32.20993497	-0.768455878
32.29042616	-3.266800803
32.34273545	0.148406978
32.39504474	0.030532779
32.48950815	0.389792307
32.56088112	0.407502034
32.63225409	0.100747178
32.71103835	-0.978002687
32.76587303	0.045151603
32.82070772	0.000799118
32.94550053	0.07927799
33.02678501	0.278051368
33.10806948	0.522391481
33.19147807	-0.514158756
33.26759134	-6.225797297
33.31339827	1.861736606
33.3592052	0.188825329
33.41918191	0.126202414
33.51845186	1.689646729
33.5755437	0.069288878
33.63263554	-0.00156954
33.74485379	-0.185691398
33.81454618	-0.279336098
33.88423858	-0.212663909
33.96912758	-0.111175203
34.05862686	4.892919944
34.10161497	-2.5937511
34.14460309	-0.183199664
34.20162819	-0.051683517
34.31226023	-1.628935079
34.36782654	-0.024622066
34.42339284	-0.000333089
34.56735569	-0.057038861
34.65518133	-0.255625169
34.74300697	-0.416969356
34.82839334	3.770331275
34.87343857	-2.395429659
34.91848379	0.039486904
34.97676162	-0.064028051
35.082605	-1.74392108
35.13741133	0.010399549
35.19221766	0.001584215
35.34578044	0.32362695
35.41716231	0.20116645
35.48854419	-0.175352636
35.57999828	-3.59541324
35.62898002	0.725115355
35.67796177	0.050326649
35.74992422	0.222193238
35.82804728	0.642100739
35.90617034	1.005736914
35.97695368	-0.244372213
36.04293835	-1.104775233
36.10297901	-0.307070651
36.16301967	-0.035660887
36.2479973	0.055257055
36.32920058	0.825879274
36.41040387	3.541401501
36.46198327	-0.168559202
36.51356267	-0.049339366
36.6047598	-0.479914994
36.6746755	-0.401848908
36.74459121	-0.043589755
36.82372967	0.995566658
36.87842252	-0.048116238
36.93311537	-0.000842652
37.05637553	-0.086790198
37.13578222	-0.275237136
37.21518891	-0.475123491
37.29888525	0.217502617
37.37595098	5.390306434
37.42180985	-1.794455098
37.46766873	-0.132451673
37.52833664	-0.132579227
37.63622854	-3.223532788
37.68648171	0.124828606
37.73673488	0.082185971
37.82973092	0.812234378
37.89435872	0.281685097
37.95898652	-0.037128016
38.04408274	-0.857306579
38.10406388	-0.254833749
38.16404501	-0.032848993
38.25237952	0.025654683
38.33516878	0.896282195
38.39895731	0.618346259
38.46274585	0.195510696
38.53615146	-0.022412293
38.62761873	-2.373369074
38.67757431	0.613393158
38.72752988	-0.001500268
38.80274153	0.153728179
38.87507092	0.332920618
38.94740031	0.376271005
39.02881689	0.293103968
39.1083055	-2.40264754
39.15725254	0.954053878
39.20619957	-0.032737331
39.27565578	0.123091461
39.35626079	0.651062566
39.4368658	1.878056705
39.50647044	0.702060361
39.56455724	-0.131377774
39.63349097	-0.259803299
39.73205632	-3.032153608
39.7839895	0.001672398
39.83592269	0.048270167
39.95332695	1.894642293
40	-0.048405727
40	-0.048405727
40	-0.048405727
40.01478981	-369.9267328
40.02957963	-1057.838405
40.04834729	-1720.819079
40.07053148	-1887.003395
40.09271566	-1627.869127
40.11466426	-1319.814334
40.14214735	-1102.40466
40.1763402	-1008.516901
40.20629745	-932.3474558
40.25354791	-777.2518881
40.29521929	-662.9268304
40.36001709	-522.6649157
40.42295229	-414.6523499
40.51037532	-301.9474828
40.56634148	-244.1407654
40.62230763	-198.521807
40.74597623	-125.7830455
40.86927758	-79.60893404
40.9237335	-65.3767279
40.97818943	-53.34686353
41.07886952	-36.81298479
41.15466512	-27.96065636
41.23046072	-21.37205223
41.32394688	-16.80947435
41.38191459	-11.96540406
41.4398823	-9.666772256
41.54695502	-5.694167231
41.61026385	-4.923449383
41.67357267	-4.111861648
41.7610125	-3.626366216
41.82233199	-2.6457599
41.88365148	-1.937391098
41.9699622	-1.354431904
42.05417418	0.240183478
42.11348058	-0.463228419
42.17278698	-0.60575368
42.25629781	-0.470204357
42.35072415	-1.732155614
42.40629945	-0.286380021
42.46187476	-0.222840487
42.63832046	-0.287248948
42.69831133	-0.160270833
42.75830219	-0.085999182
42.87405231	-0.163961906
42.95339012	0.663297977
43.03272793	3.865659749
43.08321415	-0.486427791
43.13370036	-0.071638016
43.21127694	-0.277595431
43.28823932	-0.615126736
43.3652017	-0.686983186
43.43720354	0.571836512
43.50893454	2.425283636
43.56358763	-0.063276627
43.61824072	-0.00570029
43.73437177	-0.12498375
43.81561509	-0.346077565
43.89685841	-0.375919469
43.97746863	1.838051677
44.03059804	-0.381911473
44.08372745	0.008424214
44.16662398	-0.05482017
44.24763619	-0.384330716
44.32864839	-1.317590596
44.39018966	-0.188510811
44.45173092	0.055459387
44.54310808	0.918261537
44.60380773	0.26165989
44.66450738	0.027282834
44.75192979	-0.125222498
44.8238856	-0.498654609
44.89584141	-0.760957095
44.97076134	-0.787403634
45.03965298	0.328120615
45.10896497	1.283062735
45.16910146	0.339455249
45.22923796	0.035413911
45.31240736	-0.082339632
45.39136979	-0.730751194
45.47033222	-2.383101947
45.53809751	-1.23955807
45.5936302	-0.027730093
45.65690561	-0.003034548
45.79300079	0.518721671
45.84428216	-0.202727223
45.89556352	0.010872844
45.99032118	-0.078780962
46.06207429	-0.325752229
46.1338274	-0.494514549
46.2154437	-1.007203943
46.28965974	0.417112421
46.35575612	1.714842087
46.41243006	0.114497663
46.469104	0.004586062
46.57370065	0.020172178
46.66902491	-0.493789255
46.73595117	-0.786658327
46.80287743	-0.550467105
46.87237091	-0.182860877
46.94663816	0.535648016
47.01231932	0.734638813
47.07800048	0.431121785
47.14870857	0.165109185
47.22658103	-0.654030265
47.28853524	-0.504308664
47.35048946	-0.155733476
47.42757175	-0.117428578
47.522387	1.492600946
47.56986937	-0.952130352
47.61735175	0.058099604
47.6874428	-0.129860776
47.76904974	-0.844406995
47.85065668	-2.865974559
47.91640552	-0.766125663
47.97009787	-0.105964877
48.03807176	-0.122409841
48.14152651	-1.505951675
48.20160711	0.003448467
48.2616877	0.080482809
48.35214923	0.732485859
48.4190337	0.406523892
48.48591817	0.003552674
48.56503181	-0.779555161
48.62279641	-0.12440928
48.680561	-0.009546624
48.7833889	-0.035475437
48.87377438	0.683775416
48.93790573	0.703359776
49.00203708	0.310670816
49.07366465	0.110258399
49.15676445	-0.900403957
49.21180719	0.035446428
49.26684993	0.000735486
49.39737605	0.074450586
49.48206073	0.284922321
49.56674541	0.477030684
49.65006295	-2.108798026
49.70247521	0.647056815
49.75488748	-0.026489947
49.82979792	0.048800657
49.91983734	0.780831268
49.98471837	0.497737646
50.04959939	0.132767283
50.12594772	-0.177666683
50.20277098	-1.236465743
50.26422831	-0.4431654
50.32568564	-0.063121234
50.40433785	0.105780964
50.48408017	0.952411254
50.56382248	3.291693654
50.62795641	0.972611767
50.68041411	0.105135925
50.74667659	0.130621627
50.85120962	2.082188097
50.90661436	0.035044615
50.96201909	0.000305219
51.09607182	0.045688403
51.18258476	0.241635595
51.2690977	0.711044686
51.35418983	-0.644921042
51.42572861	-5.993991817
51.47189214	1.743446067
51.51805567	0.164963009
51.57880675	0.138293852
51.68022088	2.149984722
51.73477745	0.005908791
51.78933402	-0.003328967
51.9788251	-2.432182696
52.02882085	-0.034366922
52.0788166	0.084291898
52.17399432	0.787332835
52.24059046	0.241030613
52.30718659	-0.181060669
52.39472181	-2.244235431
52.44830278	0.132782598
52.50188375	0.005738455
52.60173899	0.156986647
52.6790925	0.403974208
52.75644601	0.545336018
52.83429732	-0.348350856
52.90928645	-3.588735371
52.95918153	0.738738738
53.0090766	0.023885763
53.08105133	0.173108821
53.15937635	0.562387106
53.23770138	1.019128069
53.31019314	0.033647803
53.37585851	-0.992814892
53.43556008	-0.287732885
53.49526166	-0.036672916
53.58160031	0.00970985
53.66900296	1.082129836
53.72925662	0.393578433
53.78951027	0.063144839
53.8705887	0.006139143
53.98508292	-5.656676548
54.02683552	3.065856925
54.06858812	0.333632048
54.12371122	-0.020501274
54.21873829	-0.078065496
54.35849979	6.317777797
54.39291419	-10.95243391
54.42732859	-2.230495856
54.4710452	1.566568517
54.54115508	0.981511692
54.60127906	-0.116282765
54.66732991	-0.256838156
54.74579596	-0.737951336
54.82426201	-1.133369021
54.89312156	0.346986337
54.95754575	0.884326005
55.02148431	0.506805157
55.08542288	0.123052843
55.16165231	-0.135136513
55.24132439	-1.329798629
55.30127953	-0.349677446
55.36123466	-0.037595195
55.44400121	0.064670211
55.52554176	0.824337056
55.60708232	3.513119092
55.6587294	-0.14698664
55.71037648	-0.049301187
55.80332907	-0.525828961
55.87217374	-0.372531042
55.94101841	-0.010894874
56.02143537	1.003186427
56.07672159	-0.008437337
56.13200781	-0.000437844
56.29811337	-0.110833547
56.41327889	-0.817346117
56.47368318	0.818158279
56.53408748	0.321509819
56.60541188	0.312776326
56.68761659	0.205237383
56.77023826	-3.041155976
56.81644285	1.450654374
56.86264744	-0.004360042
56.92666964	0.148265291
57.00586241	0.568741293
57.08505517	1.229743673
57.15710721	0.275284093
57.22026345	-0.63440137
57.30148281	-3.205490871
57.35372285	0.190965806
57.40596288	0.027411355
57.49709868	0.310889448
57.57075499	0.45843
57.64441131	0.255152618
57.72106029	-0.829689502
57.78226826	-0.560241534
57.84347623	-0.148996557
57.91913449	-0.096837245
58.01493021	1.337310885
58.06285504	-0.816563406
58.11077987	0.051137876
58.18299774	-0.126866067
58.26347838	-0.788365219
58.34395902	-2.479713218
58.4107713	-0.819688423
58.46594772	-0.038366877
58.53341738	-0.023868182
58.66033954	-0.467611019
58.72878342	0.96227474
58.7972273	1.674597068
58.86360676	1.034840598
58.92343894	0.040661227
58.98966961	-0.112766016
59.07411565	-0.784798673
59.14057462	-0.48491099
59.20703358	-0.075656838
59.28348677	0.482279428
59.34613864	0.359895829
59.40879051	0.116091541
59.49099153	0.11007401
59.59138715	-3.077828072
59.63378005	2.310776388
59.67617296	0.066516602
59.73505849	0.103146243
59.82426523	0.810121657
59.8901474	0.361164145
59.95602958	-0.028632091
60	0.33646303
60	0.336463029
60	0.336463029
60.01421283	345.4617878
60.02842565	1004.231122
60.04709315	1690.999624
60.07301918	1870.778494
60.09536914	1587.959753
60.1176053	1286.884004
60.1464777	1084.502475
60.17905861	1002.675
60.20964509	922.0822014
60.25079665	786.1401925
60.29194821	670.5742214
60.35246439	537.5754915
60.41226414	431.2139942
60.51223363	299.4592729
60.56927627	241.5506553
60.6263189	195.60456
60.73478386	131.0057168
60.80433066	101.22187
60.87387746	78.23877037
60.96986485	53.92982086
61.03551244	43.39100266
61.10116003	34.52645568
61.16795219	27.04292202
61.23474435	20.91552109
61.30883988	15.57831941
61.39808287	7.589163725
61.4465726	10.35793574
61.49506234	7.958481552
61.56438895	6.323353417
61.64325482	5.215735701
61.72212068	4.558693806
61.79281987	2.502503305
61.85714952	1.207309072
61.91861133	1.304250028
61.98007313	1.258662984
62.06257443	1.028280036
62.14505677	1.862134786
62.20601521	1.006860141
62.26697364	0.529119668
62.34622485	0.305187963
62.43436939	-1.177704909
62.49149759	0.050641657
62.5486258	0.153455817
62.64790788	0.086351866
62.74474223	0.769324649
62.80692521	0.594046975
62.8691082	0.21740542
62.94530224	0.143795947
63.03884199	-1.457971629
63.08674114	0.865238502
63.13464029	-0.028378759
63.20630925	0.146723081
63.28615958	0.751674944
63.36600991	2.150036775
63.43382922	0.764338191
63.49054792	-0.028610707
63.55894036	-0.088625982
63.64978489	-0.716480682
63.71748827	-0.338112543
63.78519165	0.117422812
63.86710798	1.502246895
63.92365073	0.092027528
63.98019348	0.004307287
64.08985587	0.029255291
64.18756378	-0.457430418
64.25378173	-0.787973737
64.31999968	-0.538915563
64.38963091	-0.225040643
64.4641705	0.435239011
64.53306353	1.050953487
64.60195656	1.042607552
64.66715562	0.246507023
64.73293728	-0.191084165
64.81988072	-2.136088114
64.87409574	0.07634924
64.92831075	0.003668616
65.03912817	0.151085435
65.11690748	0.353456846
65.19468679	0.383990665
65.27486702	-0.867692139
65.33650444	-0.868507318
65.39814186	-0.286771295
65.46749302	-0.119541844
65.55209414	0.453468955
65.61514436	0.560906798
65.67819458	0.24064623
65.75351465	0.206642568
65.84037663	-0.735280013
65.89957085	-0.432552858
65.95876507	-0.079806768
66.0392123	-0.121447922
66.14667275	0.962088371
66.1959931	-1.10364442
66.24531345	0.115460814
66.31371214	-0.050110059
66.41544034	-2.3925161
66.46589413	0.448124506
66.51634791	0.013035507
66.5958096	0.190727875
66.67123099	0.492540811
66.74665238	0.691481815
66.82150608	0.083413916
66.89237988	-1.493041452
66.9467183	0.091829778
67.00105671	0.001376006
67.10958906	0.087958692
67.18943139	0.324479906
67.26927372	0.676370867
67.34994912	0.204100206
67.42102184	-2.491029408
67.4715918	0.605428169
67.52216176	-0.005008264
67.59755809	0.133505794
67.67103891	0.33784102
67.74451973	0.449064253
67.82544092	0.408419929
67.90204119	-1.921515128
67.95562959	0.284202556
68.00921799	-0.003081139
68.09679004	0.059748502
68.17226431	0.220771939
68.24773859	0.41136713
68.33522358	1.049039339
68.41209929	-1.686040794
68.47864569	-3.715985461
68.5388513	-0.916002715
68.59099951	-0.000203931
68.66006239	-0.084069425
68.74212225	-0.422425499
68.8241821	-1.219340273
68.90010198	-0.625848716
68.96310358	0.78435454
69.03351137	1.542001196
69.10203587	1.198519996
69.16250582	0.03890099
69.22670477	-0.127743367
69.31045079	-0.785048937
69.37714127	-0.471000071
69.44383175	-0.05103373
69.52069292	0.578973257
69.58023569	0.19723918
69.63977845	0.029312107
69.73319936	0.055997292
69.82758323	-1.449886749
69.88186744	0.141445806
69.93615166	0.000253414
70.03643076	0.061063455
70.11689198	0.294467652
70.19735321	0.792642453
70.27908921	0.98789223
70.34721589	-1.338520191
70.41345089	-1.951719242
70.47639679	-0.730587369
70.53502731	-0.024093038
70.60618402	0.088711519
70.68959809	0.620030748
70.77301215	2.36229564
70.82847281	0.038825965
70.88393346	0.000434805
71.01494748	0.045301723
71.10583081	0.282348027
71.19671413	0.846029428
71.27954687	-2.798436442
71.33196117	0.96995054
71.38437547	-0.044207669
71.45355807	0.0391565
71.55178508	1.109498156
71.61087506	0.215821069
71.66996504	0.016703373
71.76119166	-0.065563599
71.83717363	-0.486015975
71.91315561	-1.213628494
71.98737483	-1.359239292
72.05010652	0.130722695
72.11225246	0.264507388
72.18846467	0.666136103
72.26467687	0.902500144
72.33514562	-0.158009584
72.40254767	-1.081819185
72.46170245	-0.242860855
72.52085722	-0.023557517
72.61015066	0.029900095
72.69264498	0.735578356
72.7751393	3.727604466
72.82607612	-0.240063284
72.87701293	-0.062669254
72.96294183	-0.436950981
73.03444791	-0.462453183
73.10595399	-0.115163236
73.18276291	0.959975739
73.23844626	0.015735106
73.29412962	0.000255456
73.45766538	0.149292985
73.52555823	0.145644328
73.59345108	0.064662851
73.69054555	-0.212513997
73.75383761	-0.533148337
73.81712967	-0.279354923
73.89331666	-0.342713104
73.97727361	0.264703684
74.0598762	6.864061778
74.10420695	-2.41085246
74.14853771	-0.282418167
74.20568643	-0.057868904
74.29969307	-0.566605722
74.36874703	-0.327076048
74.43780098	0.107018344
74.52041299	1.690680554
74.57555417	-0.016528872
74.63069536	-0.000876307
74.77733435	-0.122160344
74.86658869	-0.339092763
74.95584304	1.502373611
75.00929177	-0.420304523
75.0627405	0.01247854
75.14430477	-0.034882273
75.23293393	-0.562825048
75.30233958	-0.684053533
75.37174522	-0.399746172
75.44279709	0.177445817
75.52226094	2.093160968
75.57621789	-0.128800795
75.63017484	-0.003140093
75.73122719	-0.112748131
75.81067753	-0.381291433
75.89012787	-0.718236054
75.96840936	0.036690309
76.03889166	2.372271724
76.08987655	-0.474398389
76.14086144	-0.00240956
76.21972147	-0.147663277
76.29420213	-0.388187766
76.36868278	-0.547407876
76.44724368	-0.31578377
76.52112357	1.71831626
76.57531015	-0.15449926
76.62949674	-0.000633049
76.72787242	-0.067473681
76.80868131	-0.320747017
76.8894902	-0.861577346
76.96984889	-0.838675029
77.03703212	1.297986954
77.10519995	2.233474408
77.16781322	0.759357853
77.22491686	0.015271142
77.29559157	-0.041813917
77.38918929	-0.651452663
77.45632985	-0.498420976
77.5234704	-0.141776508
77.59946832	0.360427517
77.6684774	0.845822101
77.73748647	0.836875099
77.80555682	0.296706608
77.87397835	-0.305003645
77.95827261	-2.904443943
78.01023352	0.301205935
78.06219443	0.017802552
78.14721492	0.200827022
78.22414575	0.513823266
78.30107658	0.698672927
78.3752739	-0.261494076
78.44635754	-2.071923747
78.50063381	0.102392064
78.55491008	0.002614099
78.66051977	0.104741883
78.74105433	0.365484129
78.82158889	0.701396275
78.90051203	-0.258659843
78.9716089	-3.045801449
79.02201337	0.613242896
79.07241783	0.012209911
79.14720041	0.163730917
79.22400416	0.490654765
79.30080792	0.811684909
79.37546745	0.163430851
79.44405093	-1.248847242
79.50087073	-0.115054319
79.55769054	-0.005972039
79.66263363	-0.045615435
79.77047262	0.749688127
79.8262263	0.018598334
79.88197998	0.000437204
80	0.035104403
