0	0.974670035
3.16E-30	0.974670035
8.71E-05	0.974787756
0.000522816	0.975376355
0.002701215	0.978319278
0.01359321	0.993031965
0.068053185	1.066547348
0.1	0.659416194
0.2	0.332476884
0.3	0.698261969
0.4	-0.044500043
0.5	2.091228343
0.6	0.855168752
0.7	2.442649011
0.8	1.293135113
0.9	1.934316461
1	0.1276257
1.1	0.883235106
1.2	2.64436374
1.3	1.199058187
1.4	2.348211672
1.5	1.695181813
1.6	2.013949114
1.7	1.129157293
1.8	1.325613531
1.9	3.342491433
2	2.61112357
2.1	2.109901382
2.2	2.267570988
2.3	3.757894596
2.4	3.118771369
2.5	3.724059037
2.6	3.754722069
2.7	4.18365939
2.8	4.013902017
2.9	2.68416642
3	4.247587589
3.1	5.002288914
3.2	4.797387575
3.3	2.325239145
3.4	4.211642207
3.5	4.296606542
3.6	4.958685766
3.7	4.390549728
3.8	4.941857335
3.9	6.41275649
4	5.902684531
4.1	5.542388422
4.2	4.669772248
4.3	5.507525661
4.4	5.814087559
4.5	5.347850453
4.6	5.655588949
4.7	6.407803631
4.8	7.48661603
4.9	4.260819371
5	5.509416229
5.1	7.489628371
5.2	7.158888903
5.3	6.56683373
5.4	7.261793171
5.5	6.218306083
5.6	6.30269049
5.7	7.543771914
5.8	8.666865457
5.9	8.145601822
6	7.213751881
6.1	8.498922367
6.2	7.67012179
6.3	7.389293592
6.4	7.743556809
6.5	7.721855407
6.6	8.178183287
6.7	8.941767758
6.8	7.699338424
6.9	9.001443791
7	9.772786947
7.1	9.067678316
7.2	9.647575141
7.3	9.132296472
7.4	10.98157321
7.5	10.18238342
7.6	8.007544381
7.7	9.67053576
7.8	8.244410771
7.9	10.73269483
8	10.31783336
8.1	10.63766177
8.2	10.94889541
8.3	11.79819136
8.4	10.17857473
8.5	10.445473
8.6	11.18949669
8.7	11.60610944
8.8	9.968188379
8.9	10.55435833
9	11.16086728
9.1	9.162934371
9.2	12.32213653
9.3	10.60637165
9.4	12.54215298
9.5	11.03091369
9.6	12.33164
9.7	12.59831262
9.8	11.8757992
9.9	12.60461583
10	12.13811127
10.1	12.81889081
10.2	11.5474127
10.3	11.96372505
10.4	13.86069772
10.5	12.27612575
10.6	13.10284757
10.7	11.68596515
10.8	12.78667407
10.9	12.586519
11	13.12008092
11.1	14.26515691
11.2	14.37436143
11.3	14.64305213
11.4	13.90509528
11.5	14.29718428
11.6	13.10349924
11.7	13.71639052
11.8	15.26319017
11.9	15.05880923
12	14.780335
12.1	13.47585208
12.2	14.89704614
12.3	15.05751003
12.4	14.4977228
12.5	15.18657528
12.6	17.19391247
12.7	14.76898272
12.8	13.90899544
12.9	13.12770823
13	14.82985756
13.1	15.00501838
13.2	14.69308356
13.3	17.47790822
13.4	16.69076877
13.5	16.54452168
13.6	16.43826406
13.7	13.78605216
13.8	17.70268998
13.9	16.41796306
14	15.74211533
14.1	14.88093414
14.2	16.77514809
14.3	18.54840271
14.4	17.20908446
14.5	17.71269868
14.6	16.95139011
14.7	18.06893056
14.8	16.02905843
14.9	18.21487036
15	17.94794833
15.1	17.45338833
15.2	17.87381212
15.3	19.13773042
15.4	17.93340373
15.5	18.74958581
15.6	17.01769881
15.7	19.19285129
15.8	19.82264007
15.9	17.91156941
16	17.65304216
16.1	17.7930267
16.2	19.27271172
16.3	18.15735406
16.4	18.80834565
16.5	17.80956378
16.6	19.94617092
16.7	18.54481047
16.8	20.00855651
16.9	20.01046283
17	19.33109318
17.1	19.817736
17.2	19.39205539
17.3	19.4492965
17.4	20.813419
17.5	19.98298258
17.6	19.12473351
17.7	21.44916109
17.8	19.35590051
17.9	20.68128979
18	19.71547642
18.1	20.25539789
18.2	20.94293193
18.3	21.58219973
18.4	20.51235435
18.5	21.17226222
18.6	20.7989172
18.7	21.09108957
18.8	20.17241142
18.9	21.15253649
19	22.59971393
19.1	20.74732428
19.2	20.45109254
19.3	22.94851419
19.4	22.69882524
19.5	22.47278242
19.6	20.68329238
19.7	23.297943
19.8	21.58846372
19.9	21.16639628
20	21.68198599
20.1	22.65856085
20.2	22.99667378
20.3	22.72119163
20.4	22.40988535
20.5	24.2284553
20.6	22.272036
20.7	22.99104607
20.8	22.38700763
20.9	23.42955375
21	21.55078496
21.1	23.80761207
21.2	22.42124107
21.3	23.34583967
21.4	22.63344535
21.5	22.57185204
21.6	22.11525832
21.7	22.96896786
21.8	24.04844146
21.9	24.37108656
22	25.33980056
22.1	24.67185158
22.2	22.42156473
22.3	23.44479311
22.4	24.2735325
22.5	22.36422435
22.6	24.30241673
22.7	24.15350524
22.8	25.01391597
22.9	25.28898603
23	25.65968636
23.1	24.8239069
23.2	24.88146519
23.3	26.37496186
23.4	26.78279275
23.5	25.01072438
23.6	25.54520174
23.7	24.69255246
23.8	25.61607773
23.9	26.30792903
24	25.25376741
24.1	25.94366758
24.2	25.94733761
24.3	25.47858403
24.4	25.63263006
24.5	27.73997204
24.6	25.40988948
24.7	25.91609502
24.8	25.15597218
24.9	26.41697103
25	26.9107796
25.1	26.21969837
25.2	27.03070002
25.3	26.21879653
25.4	27.96636221
25.5	26.96038417
25.6	27.71866818
25.7	28.97277691
25.8	27.59547703
25.9	28.42527995
26	27.60020403
26.1	27.21061785
26.2	26.77821527
26.3	27.30844825
26.4	28.67913758
26.5	28.51135373
26.6	27.00347853
26.7	27.787256
26.8	26.94015554
26.9	28.36306403
27	28.99607257
27.1	27.6387558
27.2	26.00317776
27.3	29.00376371
27.4	31.18210774
27.5	29.02549598
27.6	28.90460997
27.7	28.97026834
27.8	29.61309077
27.9	30.63418588
28	30.24046699
28.1	28.87855406
28.2	29.13330117
28.3	29.40174882
28.4	28.55736447
28.5	30.31742712
28.6	29.56054447
28.7	30.80398939
28.8	29.41534742
28.9	31.03472506
29	28.14023354
29.1	31.32926563
29.2	28.60945046
29.3	29.07572396
29.4	30.07200223
29.5	28.88806169
29.6	30.57034696
29.7	30.71101719
29.8	31.43384629
29.9	30.0651311
30	30.82788986
30.1	30.75879115
30.2	31.21486766
30.3	31.22825935
30.4	29.94289892
30.5	32.32478306
30.6	30.6002913
30.7	30.23061575
30.8	30.23282089
30.9	32.13903229
31	31.07844965
31.1	33.54680741
31.2	31.19083856
31.3	31.31092175
31.4	31.84549012
31.5	30.58695176
31.6	31.41290143
31.7	30.39423853
31.8	32.66631208
31.9	32.11333608
32	30.90523127
32.1	32.06079439
32.2	31.74183734
32.3	33.30642762
32.4	33.35676641
32.5	32.83645778
32.6	32.76732819
32.7	33.09652469
32.8	31.85481615
32.9	32.8716911
33	32.30377374
33.1	33.42955736
33.2	32.62746071
33.3	34.41376427
33.4	33.05912495
33.5	34.04810252
33.6	33.02357709
33.7	31.86597125
33.8	33.49655344
33.9	33.09329896
34	32.16529757
34.1	33.58826714
34.2	33.6915307
34.3	33.22622032
34.4	34.75275352
34.5	33.00127276
34.6	32.95249832
34.7	33.80175571
34.8	34.20260613
34.9	33.51290368
35	33.78119874
35.1	33.1673007
35.2	35.82471725
35.3	35.83281929
35.4	32.99994402
35.5	35.96198467
35.6	33.6562754
35.7	34.2175349
35.8	35.00265935
35.9	34.3327747
36	35.79001757
36.1	35.75822793
36.2	33.46585175
36.3	33.97324786
36.4	34.29608264
36.5	35.34927222
36.6	34.69950265
36.7	35.71789226
36.8	35.38241942
36.9	34.40555599
37	35.43797059
37.1	34.75945265
37.2	34.92337551
37.3	36.68074936
37.4	34.19920147
37.5	33.95578125
37.6	36.11679217
37.7	34.46803222
37.8	35.71487433
37.9	36.10082247
38	35.73536102
38.1	35.54514985
38.2	35.9285653
38.3	37.1592616
38.4	35.67634742
38.5	36.7800986
38.6	35.81347988
38.7	36.87708388
38.8	35.85447927
38.9	37.52014364
39	36.74091747
39.1	37.98096431
39.2	36.97711262
39.3	37.49516062
39.4	37.91224217
39.5	37.25615611
39.6	36.63091334
39.7	36.92099041
39.8	36.26935771
39.9	35.41584355
40	37.32332419
40.1	37.71197332
40.2	37.53184835
40.3	37.12234025
40.4	37.09069637
40.5	38.45095679
40.6	37.88727451
40.7	38.96276121
40.8	38.37058986
40.9	38.96949671
41	36.64516546
41.1	37.64060902
41.2	38.74989144
41.3	39.51127691
41.4	36.60026793
41.5	38.16760299
41.6	39.78995665
41.7	38.34753781
41.8	37.74507393
41.9	37.12576477
42	38.33223596
42.1	38.75861279
42.2	38.68618734
42.3	38.4122582
42.4	38.6417993
42.5	39.21531261
42.6	39.5081171
42.7	37.49228168
42.8	39.40603656
42.9	38.39823097
43	39.43831455
43.1	38.51149698
43.2	40.10953311
43.3	39.96828629
43.4	38.52093068
43.5	38.75518569
43.6	40.7216159
43.7	40.16043191
43.8	37.80431571
43.9	39.90439797
44	39.86079268
44.1	38.82986133
44.2	38.57696396
44.3	39.98896377
44.4	38.75466308
44.5	40.36842468
44.6	39.80890771
44.7	38.46878403
44.8	40.65078398
44.9	39.26585975
45	39.65616572
45.1	41.72761761
45.2	39.98398778
45.3	40.10448603
45.4	41.12396637
45.5	41.43840668
45.6	39.96990441
45.7	39.88825193
45.8	39.80277778
45.9	41.01876998
46	40.43940413
46.1	40.99905357
46.2	41.75953077
46.3	41.70996843
46.4	40.13085632
46.5	40.14138527
46.6	41.53569739
46.7	41.40806256
46.8	41.73644428
46.9	41.3845894
47	39.83537998
47.1	40.44542844
47.2	40.75448825
47.3	41.04093086
47.4	41.44056401
47.5	41.38585643
47.6	40.96351564
47.7	41.73103383
47.8	41.68651728
47.9	41.44672394
48	41.35841845
48.1	40.58096058
48.2	42.68932676
48.3	42.90241858
48.4	42.29935336
48.5	41.14278124
48.6	42.37211297
48.7	40.9961788
48.8	42.31067173
48.9	42.49940541
49	43.06983604
49.1	43.26001184
49.2	42.95233523
49.3	41.36221847
49.4	43.23761751
49.5	41.59249769
49.6	41.61592393
49.7	44.96623682
49.8	42.37613269
49.9	42.24125158
50	43.0506559
50.1	42.12796927
50.2	43.27827848
50.3	42.72818719
50.4	42.76652773
50.5	42.43519861
50.6	43.08016715
50.7	42.1140998
50.8	43.89501159
50.9	42.65955293
51	42.76834654
51.1	42.417928
51.2	42.92324372
51.3	44.71025529
51.4	43.82963641
51.5	41.65847085
51.6	42.77088614
51.7	43.17562691
51.8	42.71701931
51.9	43.33431227
52	43.110844
52.1	44.55000778
52.2	43.28645094
52.3	42.74728128
52.4	44.09980667
52.5	42.78196974
52.6	44.03662725
52.7	45.16919212
52.8	44.18134611
52.9	44.77054085
53	44.316484
53.1	43.84102845
53.2	45.26013308
53.3	42.82150388
53.4	46.79780924
53.5	44.53548208
53.6	44.9842666
53.7	44.11252671
53.8	43.55907899
53.9	42.99707651
54	45.78840224
54.1	43.42089268
54.2	44.02472529
54.3	44.58281633
54.4	43.84960586
54.5	44.98911167
54.6	44.90902256
54.7	44.33429244
54.8	45.35670722
54.9	44.11825741
55	44.49259146
55.1	45.78992072
55.2	45.26895272
55.3	45.53690036
55.4	46.32194706
55.5	45.66507656
55.6	45.23267218
55.7	45.62805959
55.8	45.95952232
55.9	43.97979376
56	45.34134387
56.1	44.51939451
56.2	46.07985711
56.3	46.42270413
56.4	46.63200703
56.5	44.97077659
56.6	45.341504
56.7	46.80473981
56.8	46.0274138
56.9	45.59815354
57	45.79638207
57.1	46.13072281
57.2	46.69891087
57.3	45.68682075
57.4	45.4369486
57.5	46.21755342
57.6	46.35799167
57.7	46.19970561
57.8	46.85331671
57.9	48.47140961
58	47.35889917
58.1	45.32988245
58.2	46.11541667
58.3	44.95513513
58.4	45.79053138
58.5	47.5663631
58.6	47.97525621
58.7	48.60796005
58.8	46.0285291
58.9	47.46549464
59	46.31307392
59.1	47.97512899
59.2	47.83713955
59.3	46.60055863
59.4	44.96706344
59.5	46.93155706
59.6	46.01724386
59.7	46.17491668
59.8	46.75410888
59.9	45.88991523
60	48.59512111
60.1	47.03072281
60.2	46.61015099
60.3	47.26128243
60.4	46.03143818
60.5	48.38290938
60.6	46.89530098
60.7	47.8097368
60.8	47.37032662
60.9	46.22992174
61	46.80362288
61.1	47.75605372
61.2	48.4342945
61.3	48.01794147
61.4	48.40233174
61.5	47.03928723
61.6	49.09205116
61.7	49.68213368
61.8	48.86905099
61.9	46.76279024
62	48.36014213
62.1	48.34013174
62.2	47.65029691
62.3	48.04649319
62.4	47.59839571
62.5	48.3756155
62.6	48.31897382
62.7	48.87740617
62.8	48.38888095
62.9	48.34880256
63	48.60824413
63.1	48.0589686
63.2	46.94606555
63.3	48.94614974
63.4	48.24740835
63.5	48.70076763
63.6	49.29599434
63.7	48.13922364
63.8	47.6961723
63.9	46.98902302
64	47.95455501
64.1	49.76879822
64.2	48.87945006
64.3	49.43657315
64.4	50.23847298
64.5	48.50857571
64.6	49.56838511
64.7	50.47090766
64.8	48.00147479
64.9	48.16140529
65	48.88035247
65.1	49.32579802
65.2	48.3968063
65.3	48.60978738
65.4	47.30198145
65.5	47.88527793
65.6	49.43592718
65.7	50.78542831
65.8	48.88615997
65.9	51.18427501
66	49.21625055
66.1	48.69171354
66.2	50.25067093
66.3	48.53571024
66.4	51.44367626
66.5	49.02736753
66.6	49.51704617
66.7	49.73880755
66.8	48.58611454
66.9	50.48001036
67	49.63176759
67.1	51.69680113
67.2	48.96114741
67.3	49.96707392
67.4	49.04758797
67.5	49.41559778
67.6	49.9056393
67.7	49.87652145
67.8	49.32712091
67.9	50.51011137
68	52.45491188
68.1	49.92518563
68.2	50.23396274
68.3	48.8698888
68.4	51.42227689
68.5	49.89708654
68.6	49.54930624
68.7	49.28387237
68.8	51.19390587
68.9	50.73002813
69	48.82518199
69.1	51.99111643
69.2	50.13630379
69.3	50.00008435
69.4	50.19353893
69.5	51.04751595
69.6	50.10239713
69.7	51.11341327
69.8	51.52797712
69.9	51.25372927
70	51.40285948
70.1	51.3260114
70.2	51.47812924
70.3	49.51074918
70.4	50.730676
70.5	50.8685831
70.6	52.20325017
70.7	49.73914125
70.8	51.10581008
70.9	50.79601471
71	51.44266229
71.1	51.79644116
71.2	51.96866471
71.3	50.72662211
71.4	50.7917636
71.5	50.55733009
71.6	52.28447304
71.7	51.40082626
71.8	50.79259964
71.9	53.15007912
72	51.4362306
72.1	51.59035783
72.2	51.04555662
72.3	51.20195354
72.4	52.26831435
72.5	50.64548664
72.6	52.82356499
72.7	52.21249966
72.8	51.19749169
72.9	51.74114306
73	51.21943908
73.1	52.7628586
73.2	52.46037134
73.3	51.40264163
73.4	51.84470306
73.5	52.93951243
73.6	51.72045928
73.7	51.89451192
73.8	51.89474395
73.9	51.08637726
74	51.89788669
74.1	53.65896203
74.2	50.90655345
74.3	53.11341426
74.4	53.3060886
74.5	51.02505035
74.6	53.07049183
74.7	51.73494629
74.8	53.12341136
74.9	51.90941011
75	53.06164981
75.1	53.02906755
75.2	53.06133047
75.3	51.38887569
75.4	51.61841341
75.5	53.76696067
75.6	52.56886775
75.7	50.71282199
75.8	52.06595278
75.9	52.69700364
76	51.8061889
76.1	54.03264261
76.2	53.04850576
76.3	52.7420272
76.4	52.80291483
76.5	51.70953823
76.6	53.34967736
76.7	52.4904477
76.8	53.26581698
76.9	53.8907965
77	51.97694036
77.1	53.46833243
77.2	52.79123305
77.3	52.63544861
77.4	54.18806672
77.5	54.04958966
77.6	53.23234726
77.7	52.57349458
77.8	52.31014622
77.9	52.68553884
78	53.46038366
78.1	54.41562981
78.2	54.29871776
78.3	51.97154295
78.4	53.00436816
78.5	53.2787617
78.6	54.61477306
78.7	52.41590011
78.8	53.88179274
78.9	54.70834995
79	52.62191123
79.1	54.16096746
79.2	54.19161989
79.3	53.47323003
79.4	52.96416748
79.5	53.55271086
79.6	55.29748339
79.7	53.85888174
79.8	54.12954284
79.9	54.35738921
80	52.67843306
80.1	54.16340823
80.2	55.44369624
80.3	52.51410797
80.4	55.38223327
80.5	52.06778298
80.6	53.34669291
80.7	53.51584506
80.8	54.84748315
80.9	53.07052103
81	55.18210089
81.1	52.7858536
81.2	53.7454032
81.3	56.10721886
81.4	53.59635853
81.5	55.95989385
81.6	52.41609116
81.7	53.53568059
81.8	54.48343552
81.9	55.57094244
82	56.91905262
82.1	56.0408066
82.2	54.59097005
82.3	53.37632118
82.4	53.41766516
82.5	53.62855712
82.6	54.98988153
82.7	54.59015913
82.8	53.56825214
82.9	54.74772293
83	53.00531313
83.1	55.20397647
83.2	55.72532347
83.3	55.83181601
83.4	55.06734404
83.5	54.07871311
83.6	55.9296431
83.7	54.59474172
83.8	54.97858282
83.9	53.46591632
84	53.84960729
84.1	55.64323759
84.2	55.94539398
84.3	54.58388674
84.4	54.29066161
84.5	55.35624486
84.6	55.62562463
84.7	53.69316516
84.8	56.19937
84.9	55.66029548
85	55.2900976
85.1	54.90363475
85.2	53.87727497
85.3	54.36473827
85.4	54.38493691
85.5	54.59979234
85.6	55.91404738
85.7	56.16593716
85.8	56.71338474
85.9	54.79709359
86	54.05454995
86.1	55.45492105
86.2	55.86952446
86.3	56.19602599
86.4	54.73521596
86.5	54.27920123
86.6	56.11083614
86.7	55.78410869
86.8	54.73112656
86.9	56.48796758
87	55.33674033
87.1	55.29184588
87.2	55.94332723
87.3	55.42236683
87.4	54.93343527
87.5	56.80674957
87.6	55.53060316
87.7	55.66741912
87.8	55.19163635
87.9	56.41603035
88	56.55636914
88.1	56.40962083
88.2	54.52108334
88.3	55.74989932
88.4	55.7117444
88.5	54.92209081
88.6	56.21879994
88.7	56.11517335
88.8	56.43231026
88.9	57.36008851
89	55.42549337
89.1	55.13037861
89.2	55.97823865
89.3	55.61382087
89.4	56.48286351
89.5	57.09416013
89.6	57.41012729
89.7	55.54147056
89.8	57.30491732
89.9	58.14864077
90	56.39766758
90.1	55.32952733
90.2	55.12903422
90.3	56.40076761
90.4	56.96050749
90.5	55.71361537
90.6	56.54673571
90.7	57.85853629
90.8	55.27931763
90.9	56.3704508
91	57.15740777
91.1	55.59829974
91.2	56.17143111
91.3	56.09984021
91.4	56.90535167
91.5	56.82424514
91.6	58.11168725
91.7	56.55982309
91.8	56.1873776
91.9	56.30817193
92	58.3739275
92.1	58.58723874
92.2	56.67413205
92.3	56.66357951
92.4	56.8891348
92.5	56.22942893
92.6	56.09785704
92.7	56.18034129
92.8	56.26812304
92.9	56.33664613
93	55.62391343
93.1	57.35500737
93.2	56.51411271
93.3	56.24296122
93.4	59.20880788
93.5	56.61013885
93.6	57.81550923
93.7	57.38175639
93.8	55.9709562
93.9	57.50208059
94	58.58037563
94.1	58.09218657
94.2	57.33973201
94.3	58.97178268
94.4	56.7948529
94.5	57.1393496
94.6	58.74301224
94.7	58.69197217
94.8	56.77159569
94.9	56.67008652
95	58.39454711
95.1	57.05489964
95.2	57.20536197
95.3	57.55650555
95.4	56.69723974
95.5	56.71281911
95.6	58.49172335
95.7	56.62645163
95.8	57.21079627
95.9	57.90595405
96	57.44390453
96.1	57.29411279
96.2	58.31220984
96.3	55.80571144
96.4	56.82152298
96.5	57.81402805
96.6	58.37747936
96.7	56.9791481
96.8	58.53683544
96.9	57.29361432
97	58.54229244
97.1	56.2234641
97.2	57.22934221
97.3	58.9250257
97.4	58.40234354
97.5	55.48109544
97.6	57.03416537
97.7	56.68301918
97.8	56.79678508
97.9	58.12306927
98	58.96920743
98.1	56.90589196
98.2	59.80892996
98.3	59.3350071
98.4	58.0743528
98.5	58.75726927
98.6	57.53884591
98.7	57.62498377
98.8	58.30227705
98.9	58.07621143
99	57.26423297
99.1	59.3844694
99.2	57.73151822
99.3	59.91877817
99.4	58.65886664
99.5	58.28253224
99.6	58.09914948
99.7	57.32581393
99.8	59.34144909
99.9	57.32327322
100	58.25194151
100.1	56.75219188
100.2	57.5837919
100.3	58.91913119
100.4	58.66903679
100.5	57.96628417
100.6	58.52337192
100.7	58.53300424
100.8	58.60049309
100.9	57.71608365
101	58.38642926
101.1	59.06325126
101.2	60.28201662
101.3	58.73568257
101.4	61.61699437
101.5	57.84079402
101.6	59.64546141
101.7	59.34844456
101.8	58.97542378
101.9	60.62750675
102	57.85070561
102.1	59.8373732
102.2	59.08276181
102.3	60.07105787
102.4	58.27948126
102.5	58.77980653
102.6	58.48654427
102.7	58.67030322
102.8	58.9771354
102.9	58.91501418
103	59.2393392
103.1	60.09979218
103.2	58.37351323
103.3	59.33963832
103.4	59.15892885
103.5	60.06055718
103.6	57.87414143
103.7	57.61935288
103.8	58.04444331
103.9	59.50746744
104	58.56058551
104.1	58.40424282
104.2	57.31503259
104.3	58.50409943
104.4	58.42028712
104.5	58.28973172
104.6	60.01934901
104.7	59.81560186
104.8	58.00023738
104.9	59.09596745
105	59.03151536
105.1	59.1085945
105.2	60.81829495
105.3	59.2156087
105.4	57.46669589
105.5	58.78315136
105.6	59.9620754
105.7	60.03932652
105.8	59.82569363
105.9	59.75331996
106	57.52934414
106.1	59.23710115
106.2	58.68313808
106.3	59.74989061
106.4	60.21985527
106.5	58.73693772
106.6	58.89685581
106.7	59.82415868
106.8	60.08290403
106.9	59.64473789
107	59.63182912
107.1	59.46438328
107.2	59.68257323
107.3	58.87440895
107.4	61.57693543
107.5	59.32167843
107.6	60.95465195
107.7	60.19779778
107.8	59.34605181
107.9	59.69593735
108	60.05451582
108.1	59.54058111
108.2	60.59531408
108.3	60.90164375
108.4	58.72850555
108.5	59.51512004
108.6	60.75718196
108.7	58.69948529
108.8	58.56537609
108.9	59.46725728
109	59.28409734
109.1	60.25710245
109.2	60.28285361
109.3	59.02536865
109.4	58.73262502
109.5	59.97772569
109.6	59.99577012
109.7	59.96706864
109.8	59.17521665
109.9	60.87709886
110	59.7350527
110.1	59.42607674
110.2	59.24752812
110.3	60.31957831
110.4	60.51513996
110.5	59.95595072
110.6	61.97411568
110.7	58.74459479
110.8	59.79405117
110.9	61.10990326
111	59.52284668
111.1	60.5663447
111.2	59.45521492
111.3	61.03112115
111.4	59.87985948
111.5	59.78781442
111.6	59.58206602
111.7	60.2598712
111.8	62.00435633
111.9	59.38775587
112	61.08301943
112.1	59.07142916
112.2	59.88937557
112.3	59.60521503
112.4	60.9192003
112.5	59.53151812
112.6	59.82264477
112.7	60.7725814
112.8	62.11261386
112.9	59.07063966
113	59.08587922
113.1	60.36663565
113.2	61.03430667
113.3	61.21973262
113.4	60.99130031
113.5	60.26468437
113.6	61.5155686
113.7	61.0122552
113.8	60.53593142
113.9	60.55782081
114	60.81560745
114.1	61.02952763
114.2	61.93669612
114.3	60.20068296
114.4	60.37229406
114.5	60.43127795
114.6	60.11194234
114.7	60.15156254
114.8	60.42451534
114.9	62.09067037
115	62.1273673
115.1	59.9486913
115.2	60.89927214
115.3	58.77067688
115.4	62.03447636
115.5	60.82414362
115.6	60.49263719
115.7	61.36366735
115.8	60.63443119
115.9	62.58330701
116	60.11111831
116.1	60.25792197
116.2	61.95378469
116.3	60.94494406
116.4	62.24873538
116.5	60.88069995
116.6	61.38611027
116.7	60.62116803
116.8	62.28659566
116.9	58.86938505
117	60.23154404
117.1	61.29133706
117.2	61.71875839
117.3	60.88119592
117.4	61.49668808
117.5	60.64757941
117.6	61.40489017
117.7	60.59359154
117.8	62.911047
117.9	61.1445232
118	61.31590411
118.1	61.33176559
118.2	62.7167467
118.3	61.09943573
118.4	61.44067613
118.5	59.69754421
118.6	59.64858641
118.7	61.00937214
118.8	63.07630432
118.9	60.77798867
119	61.74502211
119.1	61.54126377
119.2	61.0458624
119.3	61.83182778
119.4	60.00025347
119.5	62.41867969
119.6	61.45375384
119.7	61.59396635
119.8	59.83984345
119.9	62.36544548
120	61.02930975
120.1	61.72435576
120.2	60.1771648
120.3	61.35233658
120.4	61.30041337
120.5	61.35562639
120.6	59.31893535
120.7	60.86570527
120.8	61.95525283
120.9	61.15562887
121	61.25189172
121.1	60.0604664
121.2	62.37668752
121.3	61.21149817
121.4	61.12423446
121.5	61.39411664
121.6	62.41152452
121.7	62.1802164
121.8	61.89100102
121.9	61.08795199
122	60.39396474
122.1	62.09367921
122.2	60.96738111
122.3	60.62935225
122.4	61.69884912
122.5	60.13993111
122.6	62.85551868
122.7	62.01744783
122.8	61.66858432
122.9	61.84924606
123	62.80698757
123.1	62.48094858
123.2	62.01785631
123.3	61.60346765
123.4	61.82681417
123.5	62.05862804
123.6	61.61712635
123.7	63.07054517
123.8	61.86166621
123.9	61.29941036
124	63.33468358
124.1	62.10158605
124.2	61.62348886
124.3	61.34437951
124.4	61.66837375
124.5	60.85856154
124.6	61.58600108
124.7	60.85575849
124.8	61.83612853
124.9	63.00645699
125	61.23543858
125.1	61.01141443
125.2	62.3180762
125.3	63.96727228
125.4	60.59984803
125.5	61.95708537
125.6	61.63935031
125.7	62.80454459
125.8	62.17400447
125.9	60.34894161
126	63.09774775
126.1	62.58644527
126.2	63.13559801
126.3	63.24960027
126.4	60.91278711
126.5	62.15316491
126.6	61.68327584
126.7	62.17462823
126.8	61.87724586
126.9	62.39133607
127	63.68311925
127.1	62.50836081
127.2	63.10737491
127.3	61.97041144
127.4	62.57172892
127.5	62.78217056
127.6	64.02436725
127.7	63.036247
127.8	63.23747115
127.9	60.99039336
128	63.75656948
128.1	61.99599744
128.2	61.48479727
128.3	63.88169957
128.4	62.19246666
128.5	62.20704896
128.6	61.49478056
128.7	60.83169329
128.8	62.33588305
128.9	62.07084034
129	60.66904096
129.1	62.77568579
129.2	61.62501576
129.3	62.18255963
129.4	61.68673482
129.5	60.61682289
129.6	62.52299113
129.7	62.01613129
129.8	61.98620495
129.9	62.65741566
130	61.41493095
130.1	62.03961904
130.2	62.76764708
130.3	62.77080804
130.4	61.68084012
130.5	61.97794483
130.6	63.0567711
130.7	62.98923488
130.8	63.43132131
130.9	63.70577273
131	62.04558233
131.1	60.40150078
131.2	62.27076807
131.3	62.57067033
131.4	62.90195034
131.5	63.10557816
131.6	63.06297141
131.7	62.83908938
131.8	62.04368595
131.9	62.34508167
132	62.777449
132.1	62.92269227
132.2	63.05343632
132.3	63.00783908
132.4	63.27962287
132.5	63.09443562
132.6	62.97413114
132.7	62.644676
132.8	61.6574918
132.9	63.90318288
133	63.74697803
133.1	63.57052957
133.2	62.87099059
133.3	63.49175796
133.4	63.92657501
133.5	63.25287551
133.6	61.95793245
133.7	63.57657689
133.8	62.09050161
133.9	62.31637718
134	62.8335254
134.1	62.56587819
134.2	63.17588304
134.3	62.36984714
134.4	63.60624562
134.5	63.63694863
134.6	62.38315524
134.7	63.29700461
134.8	63.76617989
134.9	63.88461192
135	64.95157907
135.1	63.65130955
135.2	65.40671955
135.3	63.22537467
135.4	63.45507025
135.5	61.13171776
135.6	64.817095
135.7	62.94916154
135.8	63.174013
135.9	63.25733436
136	63.6409745
136.1	60.98548705
136.2	63.90414906
136.3	62.67710309
136.4	63.47956709
136.5	62.73091635
136.6	62.20886467
136.7	61.99232719
136.8	62.172135
136.9	62.19260567
137	61.56895492
137.1	62.07676006
137.2	64.14214257
137.3	63.14139041
137.4	62.59955489
137.5	62.41167157
137.6	63.28750991
137.7	62.60589367
137.8	63.66934201
137.9	64.81499593
138	63.25728737
138.1	63.01099603
138.2	63.59834425
138.3	63.75427859
138.4	62.60698469
138.5	63.74013038
138.6	63.22717147
138.7	63.98338057
138.8	62.39192565
138.9	64.82554855
139	63.63247681
139.1	64.81246659
139.2	63.36104396
139.3	62.61261803
139.4	63.65316501
139.5	63.02400523
139.6	62.15874775
139.7	63.12724686
139.8	63.05030294
139.9	63.95567626
140	63.0550298
140.1	62.71644653
140.2	63.97108232
140.3	63.20514644
140.4	64.05145843
140.5	63.89487851
140.6	63.51881617
140.7	63.13146471
140.8	64.33309917
140.9	63.02927997
141	63.79623878
141.1	63.29758023
141.2	64.26034586
141.3	63.51683404
141.4	62.45702102
141.5	63.92741026
141.6	64.31748483
141.7	61.41440355
141.8	63.82688542
141.9	64.72774674
142	63.51098985
142.1	63.99479577
142.2	62.97379191
142.3	63.73867704
142.4	64.05800402
142.5	63.85005269
142.6	63.34332329
142.7	64.2263459
142.8	64.72603595
142.9	63.87105506
143	63.69393378
143.1	63.08299147
143.2	64.33166444
143.3	63.04293271
143.4	64.34192102
143.5	65.62758189
143.6	62.79274446
143.7	62.37152045
143.8	62.79233899
143.9	62.82154839
144	64.83002013
144.1	64.14574867
144.2	64.54061792
144.3	63.96169957
144.4	63.55028883
144.5	63.5367251
144.6	63.77970526
144.7	64.56234819
144.8	63.51193442
144.9	64.28267339
145	62.8259538
145.1	64.33767732
145.2	63.89670623
145.3	63.41252444
145.4	63.89394369
145.5	63.36226907
145.6	62.32456841
145.7	65.29944842
145.8	64.25803716
145.9	65.14086669
146	63.95912376
146.1	65.48016399
146.2	64.68901582
146.3	63.66861993
146.4	64.26642343
146.5	62.61342755
146.6	64.44080357
146.7	63.35817967
146.8	62.97245503
146.9	64.60378354
147	63.83391038
147.1	65.47993439
147.2	63.32540119
147.3	63.73743998
147.4	64.50383398
147.5	66.12384976
147.6	64.77368419
147.7	63.340368
147.8	64.93484286
147.9	64.91033511
148	64.73867737
148.1	64.87915642
148.2	62.99983131
148.3	62.87263198
148.4	63.92027283
148.5	63.22576854
148.6	63.77487323
148.7	64.40722201
148.8	65.05822791
148.9	63.64108595
149	62.726473
149.1	65.91023026
149.2	63.92981847
149.3	65.1272147
149.4	63.60483969
149.5	65.2531797
149.6	63.8814842
149.7	63.27515623
149.8	64.6507925
149.9	63.34883287
150	64.40129708
150.1	63.454486
150.2	63.62705357
150.3	64.62067667
150.4	65.7700419
150.5	65.55741836
150.6	64.78186327
150.7	63.97944088
150.8	64.09245804
150.9	64.17203124
151	64.1364696
151.1	63.42179941
151.2	64.70418893
151.3	64.7489375
151.4	64.39289067
151.5	64.75272765
151.6	65.03147298
151.7	66.31511367
151.8	64.72009235
151.9	65.12274922
152	64.25645897
152.1	63.53644518
152.2	63.353616
152.3	63.78689297
152.4	63.20973048
152.5	62.85293834
152.6	62.5632723
152.7	63.65660726
152.8	64.28849065
152.9	63.10434587
153	64.01547496
153.1	65.42071807
153.2	65.2908389
153.3	65.66974635
153.4	63.60640239
153.5	64.5752448
153.6	63.04141168
153.7	64.87812551
153.8	63.63949668
153.9	64.85695792
154	64.41629533
154.1	65.75749887
154.2	65.03442176
154.3	63.53082785
154.4	64.02830392
154.5	63.35128648
154.6	63.89719561
154.7	64.96787234
154.8	64.88161342
154.9	65.88694033
155	63.90842446
155.1	64.93664713
155.2	65.71950448
155.3	64.66596254
155.4	65.0543444
155.5	65.83847262
155.6	64.53257016
155.7	62.61212737
155.8	63.26589679
155.9	64.24632546
156	66.03693259
156.1	65.59486111
156.2	64.31247983
156.3	64.34219663
156.4	63.19611302
156.5	65.94412329
156.6	65.85366293
156.7	65.06708507
156.8	63.9728319
156.9	63.91412459
157	65.48306537
157.1	64.51516016
157.2	63.63232331
157.3	64.39955668
157.4	63.70078961
157.5	64.63784476
157.6	64.7584093
157.7	64.12960424
157.8	64.24841487
157.9	64.1558543
158	65.01904677
158.1	64.15480135
158.2	65.8735349
158.3	65.25473083
158.4	63.67174029
158.5	64.22277864
158.6	63.88878494
158.7	63.52516162
158.8	63.30357417
158.9	64.00152717
159	64.74768478
159.1	64.18355613
159.2	66.56487022
159.3	65.08372374
159.4	65.49938928
159.5	65.04429098
159.6	64.26657565
159.7	65.23175475
159.8	66.32789797
159.9	64.62989192
160	63.87902658
160.1	65.80532549
160.2	65.16916015
160.3	65.29144616
160.4	65.53772811
160.5	66.5469169
160.6	64.54602858
160.7	64.80919478
160.8	65.42173467
160.9	66.07712624
161	64.33674201
161.1	63.37609985
161.2	64.93554619
161.3	64.36518471
161.4	65.80684386
161.5	63.95565956
161.6	63.84806699
161.7	65.21455891
161.8	63.83130374
161.9	65.09648526
162	65.09538214
162.1	67.98348113
162.2	66.0202797
162.3	65.68438267
162.4	64.0671049
162.5	63.24352245
162.6	65.708647
162.7	67.20463111
162.8	63.57017718
162.9	64.77003864
163	64.57178574
163.1	65.69230535
163.2	65.88521179
163.3	65.5580308
163.4	65.37994408
163.5	64.72815508
163.6	65.46325159
163.7	64.55422031
163.8	65.4262111
163.9	63.90462175
164	64.83927784
164.1	65.00235628
164.2	65.10341471
164.3	65.33518439
164.4	65.21642519
164.5	64.85028453
164.6	66.03737098
164.7	64.68537039
164.8	65.30039345
164.9	63.28700795
165	66.63751477
165.1	65.23915644
165.2	65.41481264
165.3	65.89134007
165.4	64.92590919
165.5	64.74514036
165.6	65.62879269
165.7	65.56651333
165.8	65.45696879
165.9	65.04789765
166	64.37906525
166.1	65.51133246
166.2	64.26120054
166.3	65.24469256
166.4	64.75456907
166.5	64.58105332
166.6	65.24694783
166.7	64.73126769
166.8	64.29954107
166.9	65.80130156
167	64.23658055
167.1	65.12795725
167.2	63.79764658
167.3	64.45963574
167.4	64.62630857
167.5	65.13315145
167.6	65.7352257
167.7	64.51783652
167.8	66.37101842
167.9	65.45022021
168	65.01940765
168.1	64.89728354
168.2	66.67742133
168.3	64.50357493
168.4	66.54173994
168.5	65.9018636
168.6	65.16934288
168.7	65.43430532
168.8	63.79311749
168.9	64.66506807
169	64.87102368
169.1	66.22744585
169.2	66.37746015
169.3	65.82108643
169.4	64.52843036
169.5	64.25597607
169.6	65.27009576
169.7	65.01952036
169.8	66.04715074
169.9	65.70213612
170	65.21841014
170.1	65.87111919
170.2	64.92900367
170.3	63.74056806
170.4	65.66426098
170.5	66.3493605
170.6	66.85226363
170.7	65.28090204
170.8	68.52808398
170.9	63.6690835
171	65.14241751
171.1	64.72352307
171.2	65.63796706
171.3	64.45634746
171.4	65.62659579
171.5	64.79614838
171.6	64.73369525
171.7	65.00013326
171.8	65.4744464
171.9	65.0594397
172	64.76824587
172.1	65.66097754
172.2	64.83281051
172.3	63.81413739
172.4	66.1413186
172.5	64.09276941
172.6	65.09899061
172.7	65.65544311
172.8	65.97939544
172.9	63.6113328
173	64.99371852
173.1	64.55671864
173.2	66.88210519
173.3	65.354736
173.4	66.34780693
173.5	65.06802996
173.6	65.07908847
173.7	65.70839217
173.8	66.30122404
173.9	65.5090287
174	65.8576404
174.1	66.38207052
174.2	65.41382986
174.3	64.31860858
174.4	65.57048585
174.5	64.27630629
174.6	65.81127312
174.7	66.47931527
174.8	65.88798173
174.9	65.68768839
175	66.6026253
175.1	64.94954335
175.2	66.0023611
175.3	64.72700823
175.4	65.47276594
175.5	65.12919767
175.6	64.56100903
175.7	64.48165258
175.8	66.3106266
175.9	66.16141673
176	64.35988206
176.1	65.64410529
176.2	65.20534466
176.3	66.37958067
176.4	65.1374876
176.5	65.15545528
176.6	65.84603685
176.7	65.45598698
176.8	65.37865865
176.9	64.59252828
177	64.19615901
177.1	66.57245029
177.2	65.24554404
177.3	64.14006956
177.4	65.85011136
177.5	67.41239984
177.6	65.82878058
177.7	66.23234679
177.8	65.80359176
177.9	65.96267137
178	65.91803149
178.1	65.63064584
178.2	64.73100219
178.3	66.5563046
178.4	64.95299564
178.5	66.42710639
178.6	66.29691606
178.7	65.47448812
178.8	66.59158171
178.9	66.0812578
179	66.07131564
179.1	64.79114243
179.2	65.75714668
179.3	64.87630615
179.4	66.5034768
179.5	65.039056
179.6	65.94448435
179.7	65.82714522
179.8	65.98602584
179.9	65.22268244
180	66.7769466
180.1	65.28101996
180.2	65.61148947
180.3	66.92822847
180.4	64.46884918
180.5	64.57773497
180.6	66.10586039
180.7	67.01849338
180.8	64.72693339
180.9	65.77678711
181	66.07050929
181.1	65.515306
181.2	64.11194842
181.3	65.90207477
181.4	64.77134371
181.5	66.16322239
181.6	67.00743342
181.7	64.9784066
181.8	66.61825984
181.9	64.94248115
182	63.89745816
182.1	66.27707066
182.2	64.57503522
182.3	67.97232494
182.4	65.98490759
182.5	65.15482245
182.6	65.42453673
182.7	64.19313577
182.8	66.0059918
182.9	65.55011308
183	64.89585773
183.1	64.89595592
183.2	66.42138139
183.3	66.50949986
183.4	64.66699488
183.5	66.52238995
183.6	65.61020801
183.7	66.2603209
183.8	66.58386166
183.9	65.76286171
184	66.10226223
184.1	65.7639318
184.2	65.939681
184.3	66.46721665
184.4	64.61993153
184.5	64.63894943
184.6	64.83881339
184.7	66.03323384
184.8	66.06314825
184.9	66.47958882
185	65.34566488
185.1	66.04619021
185.2	66.23625075
185.3	66.40256064
185.4	67.12665577
185.5	65.93743915
185.6	65.47090251
185.7	65.8598875
185.8	66.78718076
185.9	67.45621997
186	65.93838506
186.1	65.86206784
186.2	66.30537414
186.3	66.09346712
186.4	66.03421528
186.5	67.56321907
186.6	66.14082439
186.7	65.81126339
186.8	65.64205259
186.9	64.81857879
187	65.38393115
187.1	65.01120485
187.2	65.89678723
187.3	65.88826563
187.4	66.39547255
187.5	68.22853387
187.6	66.01306722
187.7	65.33750451
187.8	65.34425862
187.9	65.54149705
188	67.07951632
188.1	65.8965522
188.2	66.43145377
188.3	66.10703565
188.4	67.40273258
188.5	65.43022611
188.6	64.48773059
188.7	66.867325
188.8	67.25663038
188.9	67.85001307
189	66.04407825
189.1	66.60115078
189.2	65.91437688
189.3	66.17540201
189.4	66.95395446
189.5	65.68558762
189.6	67.02540598
189.7	67.46486564
189.8	66.50724073
189.9	67.32486529
190	64.93893494
190.1	65.71693399
190.2	66.19971589
190.3	65.52347772
190.4	66.96733944
190.5	66.49071403
190.6	66.59252674
190.7	65.33550845
190.8	65.88191203
190.9	66.54573227
191	65.91281205
191.1	65.77347927
191.2	64.99173671
191.3	66.39075905
191.4	66.96352966
191.5	65.86185396
191.6	66.4547164
191.7	66.1805191
191.8	65.98554817
191.9	66.82220701
192	66.69914688
192.1	66.20860033
192.2	65.50921255
192.3	65.63512753
192.4	65.96025246
192.5	66.55256302
192.6	67.98585863
192.7	66.16292459
192.8	64.95271877
192.9	65.95709929
193	64.8617327
193.1	65.19819636
193.2	67.32579919
193.3	65.05529356
193.4	65.91886093
193.5	68.08760593
193.6	65.84427263
193.7	66.04698069
193.8	66.17961502
193.9	67.84337043
194	66.93433056
194.1	66.62877041
194.2	66.72346832
194.3	65.9287831
194.4	65.59509822
194.5	66.15138029
194.6	65.97051485
194.7	66.09385637
194.8	66.49962241
194.9	64.5919251
195	66.4314889
195.1	66.82888212
195.2	65.59561666
195.3	66.74265566
195.4	67.54547564
195.5	64.37857015
195.6	66.10487161
195.7	67.46131551
195.8	65.95357908
195.9	65.00170405
196	66.55080977
196.1	66.56953699
196.2	66.80098901
196.3	66.78496765
196.4	66.26312461
196.5	65.87828334
196.6	65.61742794
196.7	65.63499407
196.8	65.37178435
196.9	66.99000445
197	66.86325828
197.1	65.76798801
197.2	66.10540798
197.3	64.58750001
197.4	65.48160028
197.5	65.18890041
197.6	64.14154373
197.7	65.09688824
197.8	66.25153788
197.9	66.91035887
198	64.75466152
198.1	65.52515627
198.2	66.0459243
198.3	66.67789247
198.4	66.65536292
198.5	66.07557859
198.6	65.23260232
198.7	67.4573897
198.8	66.5360016
198.9	67.36343348
199	66.07854929
199.1	65.64474761
199.2	66.11309037
199.3	66.76951582
199.4	66.35104925
199.5	65.25722491
199.6	66.54204125
199.7	65.57694809
199.8	66.02035395
199.9	66.05271149
200	66.009725
200.1	67.40943294
200.2	66.80155453
200.3	65.12910748
200.4	67.5978461
200.5	66.99125561
200.6	64.94698723
200.7	67.34588118
200.8	67.39723389
200.9	64.21079338
201	66.80978742
201.1	66.82246705
201.2	67.54540605
201.3	65.86799844
201.4	68.33141997
201.5	67.03209502
201.6	64.97578089
201.7	65.64601873
201.8	65.85987223
201.9	65.14215827
202	66.12564355
202.1	66.87381021
202.2	65.7719484
202.3	65.29676857
202.4	66.63620393
202.5	66.07912502
202.6	67.16640698
202.7	66.90838684
202.8	67.37171355
202.9	66.31848735
203	66.66758952
203.1	66.14078351
203.2	67.10440982
203.3	64.89516047
203.4	65.45101965
203.5	65.17694485
203.6	66.89684851
203.7	65.60465729
203.8	66.48233541
203.9	64.94124335
204	67.96957824
204.1	65.06822953
204.2	65.57909144
204.3	65.38358186
204.4	65.64759326
204.5	66.02123344
204.6	66.81081799
204.7	64.30158494
204.8	67.27640233
204.9	66.8461951
205	65.78173041
205.1	65.33803034
205.2	66.39520573
205.3	65.77571937
205.4	66.03041987
205.5	65.87411996
205.6	67.68110799
205.7	66.00562884
205.8	66.65519584
205.9	65.86695776
206	67.33712763
206.1	67.66588402
206.2	66.75354029
206.3	67.2975838
206.4	67.44783765
206.5	65.80398093
206.6	67.41553581
206.7	67.46421014
206.8	64.50508159
206.9	67.31991032
207	65.79570327
207.1	66.59445829
207.2	67.77039567
207.3	67.16655136
207.4	66.36269689
207.5	66.99683524
207.6	66.29343739
207.7	66.78666646
207.8	66.4198061
207.9	67.14678259
208	67.13523437
208.1	67.10973618
208.2	65.56997636
208.3	68.12821151
208.4	67.51676381
208.5	66.91738196
208.6	66.68129475
208.7	66.1049754
208.8	64.40125475
208.9	66.98383589
209	65.85846057
209.1	67.40807836
209.2	65.38460685
209.3	66.89827203
209.4	65.47092095
209.5	67.48206931
209.6	64.85513668
209.7	66.69523102
209.8	65.83130468
209.9	68.1401969
210	64.63041383
210.1	65.27525993
210.2	66.80793518
210.3	67.22160127
210.4	65.95850645
210.5	65.10147102
210.6	66.66953059
210.7	64.5996623
210.8	67.99266595
210.9	66.31258545
211	67.73569653
211.1	66.91883365
211.2	64.46605633
211.3	67.66633411
211.4	65.11784454
211.5	67.08633652
211.6	64.8796799
211.7	65.55698026
211.8	66.11173174
211.9	67.46093567
212	66.1660195
212.1	65.91688724
212.2	66.85709887
212.3	66.55151333
212.4	68.60978872
212.5	67.92788376
212.6	65.98634865
212.7	67.86640296
212.8	66.76984468
212.9	66.59252938
213	66.65557915
213.1	67.49038503
213.2	66.29271566
213.3	66.32983314
213.4	66.10099453
213.5	66.825273
213.6	67.00473546
213.7	66.73260432
213.8	66.02927797
213.9	66.44446521
214	65.49388645
214.1	66.27591946
214.2	66.59221791
214.3	67.96396036
214.4	67.1171214
214.5	66.60938255
214.6	66.54826283
214.7	67.24783244
214.8	65.61038058
214.9	66.09788209
215	67.88920376
215.1	65.43398095
215.2	67.3703876
215.3	65.33440631
215.4	65.33564058
215.5	65.71579501
215.6	66.02276843
215.7	65.71862178
215.8	67.37434748
215.9	66.05928887
216	66.0111292
216.1	66.6248217
216.2	66.8646546
216.3	68.80206475
216.4	66.37854598
216.5	67.11720572
216.6	66.08382497
216.7	67.2121235
216.8	67.94455669
216.9	67.47587408
217	66.71586658
217.1	68.84330671
217.2	67.63753171
217.3	68.12245525
217.4	66.30555633
217.5	66.36568213
217.6	66.81139813
217.7	66.69430454
217.8	67.66616712
217.9	66.02080366
218	67.90662595
218.1	67.56670696
218.2	67.9296074
218.3	65.12929725
218.4	66.85680332
218.5	66.59912423
218.6	66.02217782
218.7	67.00078864
218.8	66.08089688
218.9	66.08090681
219	67.40351522
219.1	65.62709658
219.2	67.0124783
219.3	66.87233845
219.4	67.84830914
219.5	68.20736569
219.6	65.83703925
219.7	67.87757498
219.8	66.50578898
219.9	67.42805646
220	65.09325896
220.1	68.9744436
220.2	66.82806572
220.3	66.25289832
220.4	66.27792062
220.5	67.80143572
220.6	67.68894754
220.7	67.55816257
220.8	66.19814041
220.9	65.8017657
221	66.37832873
221.1	68.30061313
221.2	66.78482386
221.3	66.25837005
221.4	65.70489416
221.5	66.72746609
221.6	66.15368833
221.7	66.20491989
221.8	67.24484735
221.9	67.17898552
222	65.95990183
222.1	66.25481129
222.2	67.40447982
222.3	66.7913906
222.4	66.20607342
222.5	68.40334548
222.6	68.21718491
222.7	67.59107858
222.8	65.62930823
222.9	66.28661881
223	67.24060784
223.1	66.56361169
223.2	65.89294793
223.3	68.10245909
223.4	65.18502507
223.5	65.69911059
223.6	67.71407295
223.7	67.12197382
223.8	67.37447789
223.9	67.21318372
224	65.79037506
224.1	67.80649722
224.2	67.06710096
224.3	68.27423062
224.4	66.41401802
224.5	67.67734122
224.6	66.87501776
224.7	65.97626256
224.8	67.59323697
224.9	67.75211921
225	67.15834892
225.1	67.59583729
225.2	68.04639162
225.3	65.53541275
225.4	66.16193024
225.5	66.62267315
225.6	67.8140567
225.7	66.93189112
225.8	66.25518597
225.9	66.77051638
226	67.51521346
226.1	67.0978184
226.2	67.40829148
226.3	66.43889913
226.4	67.03914578
226.5	67.73213509
226.6	67.96580023
226.7	64.85909894
226.8	66.79097347
226.9	66.58667127
227	67.98096114
227.1	66.11192966
227.2	66.88447148
227.3	66.75046081
227.4	66.41325789
227.5	67.01868948
227.6	66.6417235
227.7	66.40376472
227.8	67.3261208
227.9	66.65026466
228	67.44795127
228.1	66.85999747
228.2	66.73867065
228.3	68.0098785
228.4	67.14200266
228.5	67.17936821
228.6	66.01654766
228.7	67.27158339
228.8	66.58589766
228.9	67.29246668
229	66.61115761
229.1	67.37018089
229.2	67.30852251
229.3	66.97861741
229.4	66.52765715
229.5	67.48939316
229.6	67.18460877
229.7	67.58952849
229.8	67.35729302
229.9	68.17333369
230	66.4973233
230.1	65.37351383
230.2	67.72675012
230.3	67.19815722
230.4	67.252716
230.5	65.55001088
230.6	66.38060239
230.7	64.48045215
230.8	66.57229032
230.9	66.07261444
231	66.61295108
231.1	67.00150874
231.2	66.61512783
231.3	66.34602568
231.4	66.7848698
231.5	66.43120093
231.6	64.52536343
231.7	67.07843543
231.8	68.22563293
231.9	64.49942365
232	67.66064815
232.1	66.59038267
232.2	67.25195511
232.3	66.73063979
232.4	66.92493769
232.5	67.6121464
232.6	66.9793442
232.7	66.43795106
232.8	66.16030486
232.9	67.77666401
233	66.56049748
233.1	68.16236032
233.2	66.37745561
233.3	66.41665403
233.4	66.98589343
233.5	66.49581977
233.6	66.836628
233.7	67.36758506
233.8	66.13720171
233.9	67.88845904
234	66.09810123
234.1	67.07728187
234.2	66.60406356
234.3	68.01934481
234.4	67.71016847
234.5	66.45830427
234.6	66.63199655
234.7	67.08082319
234.8	65.52738838
234.9	66.70962663
235	67.5619493
235.1	66.26569607
235.2	68.43427171
235.3	66.99735135
235.4	66.35056376
235.5	68.88450195
235.6	65.95874755
235.7	68.1412635
235.8	66.74542004
235.9	67.69330945
236	67.1010926
236.1	66.12972721
236.2	68.03034732
236.3	66.6551397
236.4	66.78075293
236.5	65.78429628
236.6	67.6678624
236.7	67.79513912
236.8	66.95164964
236.9	68.31246681
237	66.97612175
237.1	67.10577671
237.2	67.45184329
237.3	65.55247135
237.4	67.17818304
237.5	66.98676982
237.6	66.28775281
237.7	67.87824389
237.8	67.46529159
237.9	66.35834033
238	68.798935
238.1	66.16017403
238.2	65.48683175
238.3	68.13855375
238.4	67.92709798
238.5	66.95953436
238.6	67.173222
238.7	67.78815634
238.8	68.02110677
238.9	67.25220739
239	68.42848958
239.1	65.5629893
239.2	65.82544337
239.3	66.31788592
239.4	67.66208626
239.5	67.12423964
239.6	67.00880439
239.7	66.5595985
239.8	65.51354411
239.9	66.55640634
240	67.30608212
240.1	67.27231382
240.2	67.02261649
240.3	66.60294966
240.4	67.68649797
240.5	66.55611733
240.6	66.91534468
240.7	67.5704013
240.8	66.27058869
240.9	67.21267048
241	65.96945558
241.1	66.99798578
241.2	66.23330173
241.3	67.58310792
241.4	66.48292988
241.5	65.65737851
241.6	66.77294633
241.7	66.79000528
241.8	66.83752007
241.9	67.75847802
242	66.58815182
242.1	67.76221024
242.2	67.34704161
242.3	64.74707365
242.4	66.29357362
242.5	67.12716556
242.6	66.8157634
242.7	66.58989646
242.8	67.88841319
242.9	68.55305925
243	65.95884398
243.1	67.03127403
243.2	67.4683638
243.3	68.04318278
243.4	66.38829727
243.5	67.67777505
243.6	67.02379719
243.7	67.58551823
243.8	67.48012084
243.9	66.60638592
244	67.52075598
244.1	65.87674082
244.2	67.41704047
244.3	68.14165866
244.4	67.423976
244.5	65.11965893
244.6	66.5310914
244.7	66.78248051
244.8	66.44898178
244.9	66.02500517
245	67.84496151
245.1	66.67050517
245.2	66.92491994
245.3	68.24543639
245.4	67.14474365
245.5	64.82525989
245.6	66.23694827
245.7	66.98801711
245.8	66.63521759
245.9	68.16405348
246	66.47637556
246.1	66.76701701
246.2	66.16410651
246.3	66.39417281
246.4	66.84047252
246.5	67.11095959
246.6	66.68492177
246.7	66.13602266
246.8	66.91332765
246.9	67.16016778
247	66.10170888
247.1	65.63105956
247.2	67.31828121
247.3	68.38540143
247.4	66.05147994
247.5	65.04694798
247.6	67.67282232
247.7	67.42533275
247.8	65.05992838
247.9	66.4348048
248	67.6417141
248.1	66.91215989
248.2	66.06046397
248.3	65.91011882
248.4	67.95310729
248.5	67.01498034
248.6	66.84827551
248.7	66.44041602
248.8	67.83635466
248.9	68.93339203
249	66.63699242
249.1	66.06318825
249.2	66.76298062
249.3	67.98158213
249.4	67.00232526
249.5	67.37139934
249.6	67.71909193
249.7	67.02669342
249.8	68.18742313
249.9	66.94700339
250	67.44426897
250.1	67.27645895
250.2	66.83379285
250.3	68.05988529
250.4	66.96278854
250.5	68.20320658
250.6	67.00730187
250.7	67.77322321
250.8	66.51304596
250.9	67.67104187
251	67.36141322
251.1	65.93161909
251.2	68.03210953
251.3	66.45504182
251.4	68.23493361
251.5	66.86454892
251.6	65.58234418
251.7	66.60953332
251.8	67.43053383
251.9	67.2703058
252	66.92432591
252.1	67.03042357
252.2	66.23745132
252.3	65.45613987
252.4	66.61342172
252.5	68.26661198
252.6	66.13545399
252.7	67.22763098
252.8	69.81137893
252.9	67.37328052
253	67.32439479
253.1	66.14192926
253.2	67.45133388
253.3	68.82422631
253.4	66.72309114
253.5	68.2312898
253.6	68.26521386
253.7	68.28431072
253.8	67.52314954
253.9	68.1064025
254	65.88102524
254.1	67.58069552
254.2	69.00912345
254.3	65.99485906
254.4	67.78147157
254.5	68.85590501
254.6	66.21175062
254.7	66.79529679
254.8	66.96313264
254.9	66.71196228
255	67.56854166
255.1	66.54524675
255.2	65.97421888
255.3	66.29996579
255.4	68.21511126
255.5	67.16916596
255.6	68.45987751
255.7	67.57266685
255.8	66.89604242
255.9	67.78491904
256	67.18286972
256.1	67.02969397
256.2	66.20557153
256.3	67.79283539
256.4	67.40863257
256.5	67.67246867
256.6	67.82254572
256.7	67.2127428
256.8	67.49138185
256.9	67.02883178
257	67.26632493
257.1	66.61835955
257.2	66.05515515
257.3	68.09428119
257.4	68.01681952
257.5	67.17507234
257.6	67.92720276
257.7	68.52179306
257.8	67.32750453
257.9	67.26993353
258	66.32086237
258.1	67.16257871
258.2	64.97639595
258.3	67.79447569
258.4	67.46280409
258.5	68.2385065
258.6	68.0333018
258.7	67.04333142
258.8	67.13665076
258.9	67.37877692
259	65.90908446
259.1	66.55809803
259.2	67.24771131
259.3	66.92543997
259.4	67.61260364
259.5	68.62757629
259.6	65.48901104
259.7	66.99581624
259.8	66.28017619
259.9	67.95545633
260	68.03731977
260.1	68.11664904
260.2	66.37704381
260.3	66.5838825
260.4	67.56757518
260.5	67.74014219
260.6	66.10635744
260.7	66.74898737
260.8	67.7447606
260.9	68.03068911
261	67.08083387
261.1	66.67655455
261.2	66.01786504
261.3	66.12609471
261.4	67.6654551
261.5	66.50847923
261.6	68.02076624
261.7	66.17030208
261.8	68.31785777
261.9	67.10238577
262	66.81581995
262.1	67.50765915
262.2	68.33118873
262.3	68.1484319
262.4	67.58373172
262.5	66.7009948
262.6	67.07781994
262.7	66.37860842
262.8	67.75005081
262.9	68.19641127
263	67.46709087
263.1	67.82804762
263.2	66.44844564
263.3	67.99325809
263.4	68.46609772
263.5	67.55294116
263.6	68.47823059
263.7	66.52418117
263.8	67.15727835
263.9	67.17468306
264	68.55778936
264.1	67.07113847
264.2	67.71341016
264.3	67.01962168
264.4	66.82704222
264.5	67.66504271
264.6	67.51144517
264.7	66.59100738
264.8	67.22171398
264.9	68.24747572
265	66.81692899
265.1	67.18814994
265.2	65.961088
265.3	67.37911911
265.4	66.73842781
265.5	67.54945388
265.6	67.51686451
265.7	67.47749629
265.8	66.55278413
265.9	67.71830446
266	67.63256675
266.1	66.2308954
266.2	66.32760764
266.3	66.25850413
266.4	68.52120621
266.5	66.22692187
266.6	68.21891034
266.7	66.57551913
266.8	67.52490464
266.9	66.71339697
267	66.27236718
267.1	68.02746908
267.2	66.18811637
267.3	67.23389196
267.4	66.86349243
267.5	68.294373
267.6	66.61042945
267.7	66.26692345
267.8	67.1678391
267.9	67.41436543
268	67.9044667
268.1	67.331495
268.2	66.92883966
268.3	67.81342585
268.4	68.12918906
268.5	68.18554188
268.6	67.96356806
268.7	66.4030867
268.8	66.85842896
268.9	66.90244329
269	66.47003857
269.1	67.06533972
269.2	65.0074595
269.3	65.98425703
269.4	66.49879949
269.5	67.44284
269.6	68.1123501
269.7	66.58689079
269.8	66.42973698
269.9	66.56035077
270	68.8966374
270.1	67.84252525
270.2	66.17312181
270.3	67.78365165
270.4	66.3150431
270.5	68.55708913
270.6	66.87829048
270.7	68.86170218
270.8	66.38145907
270.9	66.90153213
271	66.17608668
271.1	67.57388437
271.2	66.37299651
271.3	66.47967828
271.4	65.64836795
271.5	67.30326754
271.6	68.52586045
271.7	66.88444284
271.8	65.49280821
271.9	66.63132965
272	65.93194832
272.1	67.35243075
272.2	67.03991162
272.3	66.09158919
272.4	67.34924056
272.5	68.5981758
272.6	66.44654189
272.7	66.93006653
272.8	67.03682742
272.9	67.85677844
273	66.27117906
273.1	68.61266539
273.2	67.24839703
273.3	66.78623454
273.4	68.06995415
273.5	67.66909542
273.6	67.5146961
273.7	67.41797407
273.8	67.00512841
273.9	66.16639551
274	68.41694457
274.1	67.47769547
274.2	67.5937058
274.3	65.70490541
274.4	66.71996305
274.5	66.24063134
274.6	66.16660577
274.7	68.38001165
274.8	67.67519026
274.9	67.95658333
275	68.74303521
275.1	67.77128974
275.2	67.23463996
275.3	67.60212927
275.4	66.44303055
275.5	67.39692798
275.6	66.20991303
275.7	67.06488949
275.8	67.48684536
275.9	66.53295547
276	66.73526637
276.1	67.13746235
276.2	67.01523815
276.3	66.7277292
276.4	67.4612909
276.5	67.17238402
276.6	68.08905458
276.7	67.69586492
276.8	68.37497978
276.9	66.02088347
277	66.47853023
277.1	69.05386097
277.2	66.5132106
277.3	66.86318099
277.4	65.46056564
277.5	66.87293121
277.6	66.28576965
277.7	68.08939021
277.8	69.32648195
277.9	67.39159828
278	67.4387208
278.1	67.85519003
278.2	67.11584839
278.3	67.2051172
278.4	66.67611315
278.5	66.98446931
278.6	68.3435107
278.7	67.83629898
278.8	67.27605245
278.9	66.66982042
279	67.58385239
279.1	66.64935055
279.2	65.66900405
279.3	67.14680499
279.4	67.51436013
279.5	66.91570693
279.6	65.84658302
279.7	67.27729967
279.8	68.18531127
279.9	66.25153303
280	66.96273852
280.1	66.42493265
280.2	68.26054125
280.3	67.62154144
280.4	66.61169089
280.5	66.90785641
280.6	66.60240741
280.7	67.76859152
280.8	67.98952763
280.9	68.10320304
281	67.38790816
281.1	66.9928594
281.2	66.7096271
281.3	67.54942795
281.4	67.10226696
281.5	67.1553933
281.6	66.91083743
281.7	67.76167548
281.8	66.32534817
281.9	68.64230362
282	68.05455308
282.1	67.52204617
282.2	66.27912167
282.3	67.21977302
282.4	65.3974939
282.5	67.23192633
282.6	67.35916732
282.7	69.39307334
282.8	66.79886591
282.9	68.04371453
283	67.67397153
283.1	68.00421513
283.2	68.12200147
283.3	67.65477947
283.4	67.36239047
283.5	66.56762037
283.6	67.26453499
283.7	67.14282673
283.8	67.58005907
283.9	67.94693718
284	67.81284353
284.1	66.92628571
284.2	66.66872199
284.3	66.65979901
284.4	66.46420531
284.5	67.53175742
284.6	67.28920855
284.7	67.68430941
284.8	65.48137973
284.9	68.33822873
285	68.53073733
285.1	67.35686953
285.2	66.38394417
285.3	68.27223785
285.4	67.05532142
285.5	67.23100009
285.6	67.88009681
285.7	66.76194416
285.8	67.69653233
285.9	66.3606883
286	67.72753758
286.1	67.56384842
286.2	67.54579616
286.3	67.35708509
286.4	68.0921561
286.5	66.73134892
286.6	67.78474311
286.7	67.89494139
286.8	66.77740393
286.9	68.88463101
287	66.74213909
287.1	67.64609812
287.2	66.57324845
287.3	67.17115202
287.4	67.75087102
287.5	67.58236549
287.6	67.40522607
287.7	67.68855709
287.8	64.76468842
287.9	67.76882717
288	65.69005586
288.1	66.86484265
288.2	66.9925093
288.3	65.71351622
288.4	67.81932596
288.5	67.73062025
288.6	66.61842721
288.7	68.57538278
288.8	67.5204308
288.9	67.7119791
289	67.45472716
289.1	67.84613839
289.2	67.43083676
289.3	67.69491973
289.4	66.60778238
289.5	67.22694497
289.6	66.2712328
289.7	65.67324894
289.8	67.57377602
289.9	65.80959795
290	66.9422168
290.1	67.26352663
290.2	67.69879356
290.3	66.9869362
290.4	66.65316237
290.5	67.7097894
290.6	67.17330153
290.7	66.67191347
290.8	66.07013857
290.9	67.21374922
291	67.65144213
291.1	68.40956279
291.2	68.11594569
291.3	67.31038924
291.4	68.3459546
291.5	67.83930868
291.6	67.71460197
291.7	68.26467814
291.8	66.30595261
291.9	67.31207668
292	67.42483328
292.1	66.58122401
292.2	66.76303907
292.3	66.5323187
292.4	66.96972728
292.5	67.57539166
292.6	66.16308321
292.7	68.15219328
292.8	67.86083488
292.9	67.43496504
293	66.76152849
293.1	68.19267849
293.2	67.34353934
293.3	68.26912933
293.4	65.99528239
293.5	66.55037276
293.6	65.80989327
293.7	68.39727498
293.8	67.19987033
293.9	65.68888283
294	65.80714356
294.1	67.45486659
294.2	68.48799392
294.3	66.1018668
294.4	67.61444723
294.5	66.65654302
294.6	67.22679922
294.7	67.1835419
294.8	67.45878591
294.9	66.75460473
295	67.94542986
295.1	67.63822551
295.2	67.57928304
295.3	67.98594261
295.4	69.2175491
295.5	68.16406484
295.6	66.97348575
295.7	67.70182371
295.8	65.03667483
295.9	67.12840569
296	67.89795914
296.1	66.15666257
296.2	68.85507282
296.3	67.62598323
296.4	66.67207888
296.5	66.5764412
296.6	67.99751553
296.7	67.74598067
296.8	67.30131174
296.9	67.72592741
297	67.6015834
297.1	67.59478077
297.2	68.32489795
297.3	67.82727861
297.4	67.55313583
297.5	67.07691051
297.6	66.15272771
297.7	67.99609637
297.8	67.79153809
297.9	68.63936559
298	66.71047671
298.1	68.16601847
298.2	68.5068346
298.3	67.35744563
298.4	68.86138811
298.5	68.16103314
298.6	68.38136072
298.7	68.07453702
298.8	67.38054443
298.9	67.42456785
299	67.15638031
299.1	68.18022491
299.2	67.47668656
299.3	68.61391847
299.4	66.38628897
299.5	66.75779665
299.6	66.59542932
299.7	68.59410292
299.8	68.04019465
299.9	67.29484751
300	66.47330328
300.1	65.85451701
300.2	68.16878343
300.3	67.40557059
300.4	66.79187703
300.5	67.05663578
300.6	66.32827679
300.7	67.64612953
300.8	67.45157285
300.9	68.73240044
301	68.26911182
301.1	67.7485504
301.2	65.91164404
301.3	68.79645859
301.4	67.03614322
301.5	67.46676516
301.6	67.93527958
301.7	66.82939678
301.8	67.49089653
301.9	67.2620657
302	66.41812086
302.1	66.31582293
302.2	67.41363945
302.3	67.04662052
302.4	66.95371066
302.5	66.61657937
302.6	67.4433106
302.7	67.63339435
302.8	69.16704817
302.9	68.36758215
303	66.91596372
303.1	66.67429009
303.2	67.91856972
303.3	66.30864055
303.4	67.00073826
303.5	67.73025989
303.6	68.33890236
303.7	67.0215468
303.8	67.73414258
303.9	67.24194178
304	67.46622535
304.1	67.56733467
304.2	66.51125037
304.3	69.00435452
304.4	67.41696245
304.5	68.23394485
304.6	66.27148083
304.7	66.39264373
304.8	69.4479814
304.9	68.08915682
305	65.62578079
305.1	67.49701928
305.2	67.72202912
305.3	67.95523267
305.4	66.88504263
305.5	66.51226801
305.6	66.97771446
305.7	67.35709351
305.8	67.31856837
305.9	67.43996447
306	67.37530787
306.1	67.33410921
306.2	66.78837852
306.3	67.39962144
306.4	66.40341413
306.5	66.77702638
306.6	67.47082727
306.7	67.85461895
306.8	69.39619104
306.9	68.15409408
307	67.62674408
307.1	68.32124384
307.2	67.65249879
307.3	67.00945023
307.4	67.07850265
307.5	67.66121718
307.6	67.27647135
307.7	66.73767134
307.8	68.24361702
307.9	67.29302633
308	66.53873856
308.1	67.37166963
308.2	68.13381831
308.3	69.21894293
308.4	66.13187606
308.5	67.81024008
308.6	67.86090795
308.7	67.4722761
308.8	65.89519384
308.9	67.99595444
309	67.6141624
309.1	67.47703262
309.2	66.19449706
309.3	66.87730524
309.4	67.92328752
309.5	66.51588337
309.6	67.56092556
309.7	66.31912819
309.8	67.55113696
309.9	67.68584804
310	66.5349649
310.1	66.27915325
310.2	67.49084796
310.3	67.74938072
310.4	67.14562316
310.5	66.33682821
310.6	67.07924612
310.7	69.46995359
310.8	67.21275599
310.9	66.73795817
311	68.78449293
311.1	67.37848238
311.2	68.41608871
311.3	67.28834941
311.4	67.91857068
311.5	65.94474854
311.6	68.03155118
311.7	67.71562757
311.8	67.70695039
311.9	67.29062621
312	66.82386553
312.1	67.87860589
312.2	66.56222331
312.3	67.53957412
312.4	68.10648701
312.5	68.44359302
312.6	68.59208207
312.7	66.34261254
312.8	67.1361125
312.9	67.98462513
313	68.58512033
313.1	68.04876777
313.2	67.8750438
313.3	68.10277498
313.4	66.53135644
313.5	67.21034037
313.6	67.74860145
313.7	66.35159301
313.8	66.43860762
313.9	67.50106413
314	67.8241443
314.1	68.85511855
314.2	67.55501666
314.3	66.64644681
314.4	67.52013545
314.5	68.40928107
314.6	68.82429067
314.7	66.55777923
314.8	65.54421045
314.9	67.33798169
315	67.28950049
315.1	67.59838929
315.2	68.44073427
315.3	68.90737034
315.4	68.03874186
315.5	66.87465542
315.6	68.06006949
315.7	67.29913772
315.8	67.62340053
315.9	67.9104545
316	66.60733577
316.1	66.32911205
316.2	66.33633031
316.3	67.38109344
316.4	67.49064121
316.5	68.10885402
316.6	66.62202503
316.7	67.82014004
316.8	68.43834835
316.9	67.2900344
317	67.96816826
317.1	67.99305544
317.2	67.50595743
317.3	67.32276563
317.4	67.37982573
317.5	67.79820406
317.6	65.72989636
317.7	67.35021399
317.8	66.42268824
317.9	68.40106166
318	66.23569725
318.1	68.23936859
318.2	67.3309655
318.3	68.52774946
318.4	67.17778883
318.5	66.94444993
318.6	67.52853338
318.7	68.36592386
318.8	67.48418255
318.9	66.60839603
319	66.19843707
319.1	67.42437504
319.2	66.89917061
319.3	67.61348729
319.4	66.99046616
319.5	68.36386296
319.6	67.3601182
319.7	68.80346005
319.8	68.20246275
319.9	67.84873166
320	67.91076602
320.1	67.32578221
320.2	68.27235303
320.3	67.32170169
320.4	67.47402508
320.5	68.38088782
320.6	66.6279502
320.7	66.50036577
320.8	68.22666978
320.9	67.29485222
321	67.51199825
321.1	67.30837602
321.2	67.08372558
321.3	66.70635561
321.4	67.96419751
321.5	68.72064293
321.6	67.50004119
321.7	66.37658639
321.8	67.97217379
321.9	68.32058582
322	67.81960756
322.1	68.19796277
322.2	68.18065737
322.3	67.66025675
322.4	67.73447483
322.5	68.90198727
322.6	67.80538262
322.7	66.76282452
322.8	68.26734808
322.9	67.2197539
323	67.38659867
323.1	67.03468408
323.2	67.02852739
323.3	67.50093222
323.4	68.51519716
323.5	67.71078437
323.6	68.7793093
323.7	67.40176009
323.8	66.41593883
323.9	68.49107269
324	67.48337156
324.1	67.31499297
324.2	67.91221436
324.3	67.00956932
324.4	66.93049892
324.5	68.38821909
324.6	66.58920562
324.7	66.63142842
324.8	67.2119451
324.9	67.55607615
325	68.51049328
325.1	69.0310621
325.2	67.55263256
325.3	67.11700932
325.4	67.20490221
325.5	67.42858511
325.6	64.99846869
325.7	68.3425829
325.8	66.21513484
325.9	67.14625043
326	67.0816868
326.1	67.50839042
326.2	67.74095532
326.3	67.87780095
326.4	66.1756336
326.5	66.44456334
326.6	66.06744972
326.7	67.29652762
326.8	66.63741732
326.9	67.90854569
327	66.35612328
327.1	65.94558336
327.2	68.47053161
327.3	66.99489507
327.4	67.57457648
327.5	67.46342815
327.6	69.34126491
327.7	66.08412189
327.8	67.03548739
327.9	68.42838023
328	67.76336545
328.1	66.80089196
328.2	66.22753114
328.3	65.94408667
328.4	68.06848353
328.5	68.27309985
328.6	68.35117117
328.7	67.37362642
328.8	67.19647641
328.9	68.33674351
329	66.27576643
329.1	66.69479786
329.2	68.92772264
329.3	67.92830264
329.4	67.795502
329.5	68.62560737
329.6	67.35271095
329.7	68.99759196
329.8	67.56632987
329.9	68.26544362
330	67.69525623
330.1	69.29534523
330.2	67.16588212
330.3	66.4875149
330.4	66.25098743
330.5	67.54957913
330.6	67.84700978
330.7	67.28530597
330.8	68.22259221
330.9	67.06946742
331	66.66913377
331.1	67.55610086
331.2	67.14856247
331.3	67.30815516
331.4	66.8584521
331.5	68.15287524
331.6	67.37882739
331.7	67.53351516
331.8	65.78633808
331.9	65.97521348
332	68.49113396
332.1	67.98796456
332.2	67.68362583
332.3	67.38427486
332.4	66.41941415
332.5	68.07122004
332.6	67.05773724
332.7	68.38287329
332.8	68.07855282
332.9	67.39026218
333	68.38717958
333.1	67.44681197
333.2	66.68618853
333.3	67.3775996
333.4	67.33241154
333.5	68.49515784
333.6	68.75207818
333.7	67.51822567
333.8	67.16409224
333.9	67.1049657
334	67.72342709
334.1	68.96383725
334.2	66.74386219
334.3	68.32296464
334.4	67.52247196
334.5	68.75912876
334.6	67.76627278
334.7	68.03317463
334.8	68.57698914
334.9	66.70375241
335	66.91889219
335.1	67.43687892
335.2	67.81376136
335.3	68.12109268
335.4	67.05713316
335.5	67.45635975
335.6	68.33696343
335.7	67.11975523
335.8	67.85044962
335.9	67.5751652
336	67.38103421
336.1	67.92807599
336.2	68.19925448
336.3	67.56984574
336.4	68.06164045
336.5	68.20394362
336.6	66.05312992
336.7	67.37468924
336.8	67.98202949
336.9	67.02171383
337	67.83462227
337.1	66.2225905
337.2	67.26044679
337.3	67.6541637
337.4	66.63587032
337.5	67.32840217
337.6	69.07912418
337.7	66.61355825
337.8	68.80861006
337.9	67.00182582
338	68.92910346
338.1	68.37966566
338.2	67.48338055
338.3	68.17825457
338.4	67.72205132
338.5	67.12195219
338.6	67.2549606
338.7	66.53605006
338.8	67.96202649
338.9	67.66424768
339	69.16793902
339.1	67.85262644
339.2	67.31803631
339.3	66.74756872
339.4	67.83386816
339.5	67.64397982
339.6	68.79532756
339.7	67.53487609
339.8	67.05836019
339.9	67.15788513
340	66.97093598
340.1	67.6086614
340.2	69.2378007
340.3	67.91330956
340.4	66.90812215
340.5	67.58804932
340.6	68.01457861
340.7	67.82109697
340.8	67.79783271
340.9	67.46496423
341	67.77457622
341.1	68.29810057
341.2	66.4468256
341.3	68.06368087
341.4	67.94422293
341.5	66.360066
341.6	66.56398162
341.7	66.88089054
341.8	69.13640029
341.9	68.12093392
342	67.79732672
342.1	67.71235101
342.2	66.92019492
342.3	67.07088123
342.4	68.2208501
342.5	66.46761603
342.6	66.63576455
342.7	66.06881459
342.8	67.49336645
342.9	66.3921352
343	67.95698892
343.1	66.2578994
343.2	67.66592757
343.3	67.78939538
343.4	67.88238275
343.5	66.52190502
343.6	68.06483773
343.7	66.64636315
343.8	68.02156472
343.9	67.1572386
344	67.54657432
344.1	67.80490605
344.2	67.56348812
344.3	66.92977529
344.4	66.94176495
344.5	67.23413443
344.6	65.87081914
344.7	65.40086424
344.8	67.80637403
344.9	67.3110487
345	67.76836604
345.1	68.51797035
345.2	68.01273872
345.3	67.04665115
345.4	66.18185696
345.5	66.96843141
345.6	67.29716296
345.7	67.48637721
345.8	67.09764531
345.9	67.57198543
346	68.23604673
346.1	67.92355571
346.2	67.57810307
346.3	66.95723359
346.4	67.08033568
346.5	66.35522973
346.6	68.8368937
346.7	66.95186429
346.8	67.1553634
346.9	68.06656547
347	67.50758039
347.1	68.30887553
347.2	65.31326555
347.3	69.0950896
347.4	67.7691876
347.5	68.18048417
347.6	68.41505904
347.7	65.86078441
347.8	67.21624841
347.9	67.52510726
348	66.2100366
348.1	67.88640268
348.2	66.6389577
348.3	68.2692714
348.4	66.58903838
348.5	68.12840847
348.6	67.52310553
348.7	67.47566818
348.8	67.42842516
348.9	67.2237495
349	67.26609335
349.1	68.09292168
349.2	68.2684433
349.3	66.64060294
349.4	67.62604346
349.5	67.28635796
349.6	67.00017759
349.7	68.35240512
349.8	67.36543709
349.9	67.11920311
350	66.4095574
350.1	67.26510328
350.2	66.99878913
350.3	66.98430607
350.4	69.21263372
350.5	68.03365504
350.6	68.39564977
350.7	67.65307246
350.8	67.23900374
350.9	68.3331828
351	67.5374349
351.1	66.54216919
351.2	68.65810558
351.3	68.11980264
351.4	67.70980779
351.5	67.8393663
351.6	67.94703287
351.7	67.36876423
351.8	68.56221414
351.9	66.7298021
352	67.68604679
352.1	68.48911517
352.2	67.73500189
352.3	66.37675164
352.4	67.96008993
352.5	67.89894808
352.6	67.66084626
352.7	67.92143814
352.8	67.10162918
352.9	69.18240742
353	67.46810824
353.1	66.79564413
353.2	67.23747452
353.3	68.96633009
353.4	67.72513945
353.5	67.80408978
353.6	66.2088443
353.7	68.12792614
353.8	67.41700788
353.9	67.46099571
354	67.84487038
354.1	68.97041087
354.2	67.08412949
354.3	67.97050139
354.4	67.38399241
354.5	67.74823785
354.6	67.83154813
354.7	68.70458674
354.8	66.74242939
354.9	67.5568854
355	67.62561415
355.1	68.6876852
355.2	67.86323523
355.3	67.94413725
355.4	68.06079052
355.5	67.14855792
355.6	67.17817882
355.7	66.06856869
355.8	68.52240338
355.9	68.38581083
356	67.58258523
356.1	67.28018991
356.2	67.62935174
356.3	68.64370613
356.4	67.64206876
356.5	67.52093086
356.6	66.91836343
356.7	68.79626088
356.8	66.13935171
356.9	68.68667947
357	67.23694862
357.1	68.80755245
357.2	67.01025555
357.3	68.76799594
357.4	67.1142686
357.5	67.56357315
357.6	67.44837683
357.7	67.54353718
357.8	67.71667409
357.9	66.40170469
358	67.6089567
358.1	66.65844978
358.2	66.61774891
358.3	67.57766166
358.4	67.62468312
358.5	67.23300961
358.6	66.93590979
358.7	67.79174526
358.8	67.43015525
358.9	68.14667798
359	69.00306683
359.1	67.2980364
359.2	67.68394912
359.3	67.63277863
359.4	67.11443205
359.5	66.24244336
359.6	66.71001446
359.7	67.43851813
359.8	65.38194614
359.9	67.83580368
360	66.80236307
360.1	67.98294825
360.2	67.11597867
360.3	66.92850469
360.4	65.73777672
360.5	67.42608469
360.6	67.05802354
360.7	67.91561525
360.8	68.62809263
360.9	67.85736647
361	67.45612719
361.1	67.62235635
361.2	66.64929735
361.3	67.12756447
361.4	65.6197749
361.5	68.66845784
361.6	67.66387747
361.7	67.98700134
361.8	65.82772563
361.9	67.64546105
362	67.42534306
362.1	66.45804176
362.2	68.62686958
362.3	66.44460666
362.4	68.17399835
362.5	66.01402354
362.6	67.09460881
362.7	67.5674563
362.8	68.1093674
362.9	67.64461349
363	67.35281955
363.1	69.34084272
363.2	68.44380434
363.3	67.86034978
363.4	67.37179732
363.5	67.64688096
363.6	66.79894957
363.7	67.51730728
363.8	67.46925938
363.9	67.76843523
364	66.72950443
364.1	67.59110402
364.2	67.62986717
364.3	67.2054877
364.4	65.8866535
364.5	67.02896129
364.6	68.29127968
364.7	67.53939295
364.8	66.60248863
364.9	66.36031645
365	67.58072342
365.1	68.92087854
365.2	68.3371178
365.3	67.91443021
365.4	67.51236834
365.5	65.88083918
365.6	68.5408778
365.7	68.62784621
365.8	67.21222309
365.9	69.64303035
366	66.59858057
366.1	67.36159567
366.2	67.72615777
366.3	67.53640116
366.4	67.69779915
366.5	66.37595596
366.6	67.86198759
366.7	67.93709746
366.8	66.88136147
366.9	67.61640626
367	68.19268748
367.1	67.53776117
367.2	69.1365776
367.3	68.62131224
367.4	68.32076079
367.5	66.94767191
367.6	67.23907119
367.7	66.78783896
367.8	68.7560575
367.9	68.93359755
368	67.21033762
368.1	66.92317233
368.2	67.39212023
368.3	67.02441968
368.4	67.71943424
368.5	68.60379249
368.6	67.37421046
368.7	67.16808358
368.8	66.87778537
368.9	68.00191161
369	67.53473868
369.1	67.92657063
369.2	66.44676729
369.3	67.08523381
369.4	68.40198744
369.5	67.75596926
369.6	67.79078132
369.7	68.56523225
369.8	66.96987645
369.9	67.45638738
370	67.28374646
370.1	67.52425813
370.2	67.65025793
370.3	67.6368888
370.4	66.93029271
370.5	68.15832331
370.6	68.13291632
370.7	67.87380842
370.8	68.70031307
370.9	67.35749144
371	67.0081266
371.1	67.64125109
371.2	67.63500943
371.3	68.01431465
371.4	67.19347604
371.5	67.97923855
371.6	66.93626743
371.7	68.00235847
371.8	67.05951896
371.9	65.81844567
372	67.61832345
372.1	68.83657618
372.2	66.98208869
372.3	68.11535833
372.4	67.84448694
372.5	67.4571675
372.6	67.56970184
372.7	67.27560778
372.8	68.4969372
372.9	68.62752385
373	67.93101599
373.1	66.27469724
373.2	67.51045604
373.3	66.9859322
373.4	68.77244513
373.5	67.73809883
373.6	67.66994241
373.7	68.42676749
373.8	67.55076078
373.9	66.0486347
374	67.5362848
374.1	66.9999704
374.2	66.18634811
374.3	65.99578198
374.4	65.02649085
374.5	66.88988688
374.6	67.84994419
374.7	66.98692385
374.8	67.80011836
374.9	68.93520501
375	67.80841092
375.1	68.00991432
375.2	66.65390878
375.3	66.21043467
375.4	67.5048686
375.5	67.41349827
375.6	67.06205627
375.7	67.06547261
375.8	66.42942974
375.9	68.16650522
376	68.08305192
376.1	67.13674851
376.2	66.22525327
376.3	67.70672274
376.4	66.95481013
376.5	67.28473378
376.6	66.00513229
376.7	68.0159006
376.8	66.71602628
376.9	66.68096918
377	66.65671614
377.1	67.706106
377.2	67.80948015
377.3	67.39248803
377.4	66.96677377
377.5	66.52811548
377.6	68.63972609
377.7	65.97739352
377.8	68.67820642
377.9	68.62286113
378	67.78248325
378.1	68.68395575
378.2	68.95657706
378.3	68.04134431
378.4	67.56508786
378.5	66.84634531
378.6	68.13475946
378.7	67.91296244
378.8	67.58640626
378.9	67.12459612
379	67.8806672
379.1	68.86895836
379.2	68.35629014
379.3	67.61123825
379.4	69.95752157
379.5	68.47144671
379.6	66.31561557
379.7	67.88019685
379.8	68.43693206
379.9	66.7483298
380	67.45346878
380.1	67.27707409
380.2	66.71430981
380.3	68.62466704
380.4	67.79145489
380.5	67.35922601
380.6	68.11835714
380.7	68.21863203
380.8	67.81218108
380.9	65.45296864
381	67.87702104
381.1	67.75373499
381.2	69.79951569
381.3	69.4021989
381.4	67.18893243
381.5	67.72209224
381.6	67.23343827
381.7	66.06136669
381.8	69.06622727
381.9	67.37571206
382	67.00248338
382.1	68.09946956
382.2	67.71955111
382.3	68.90949554
382.4	67.99801071
382.5	66.03329239
382.6	66.93362968
382.7	67.82602112
382.8	67.78749683
382.9	68.01689956
383	66.71629781
383.1	68.01490349
383.2	68.01519171
383.3	68.86551097
383.4	67.26254018
383.5	67.2811615
383.6	67.27872368
383.7	67.47067553
383.8	68.09711849
383.9	66.7628048
384	67.66943828
384.1	66.79166979
384.2	67.1644447
384.3	68.02190969
384.4	67.49072565
384.5	68.00596878
384.6	67.51587974
384.7	66.29619356
384.8	67.14253148
384.9	67.17611622
385	67.39887166
385.1	66.49759997
385.2	66.51647731
385.3	66.63695118
385.4	66.7316555
385.5	66.68244734
385.6	67.24208714
385.7	66.99946666
385.8	66.83664044
385.9	67.43979583
386	66.90816778
386.1	68.01320055
386.2	66.55088515
386.3	67.59100823
386.4	68.28521961
386.5	67.57231338
386.6	67.10754145
386.7	68.12697966
386.8	67.26554098
386.9	67.32787264
387	66.01199948
387.1	67.45481035
387.2	66.29354838
387.3	67.58694419
387.4	67.64766822
387.5	68.27489147
387.6	66.45945988
387.7	67.24640532
387.8	67.91818814
387.9	67.18980465
388	66.78413274
388.1	67.77989491
388.2	66.7529937
388.3	67.94349232
388.4	68.89984036
388.5	67.79371556
388.6	68.12248161
388.7	67.22173795
388.8	66.76077055
388.9	67.22625148
389	68.59838486
389.1	68.24624061
389.2	68.66839739
389.3	66.81593374
389.4	67.14201395
389.5	67.85201668
389.6	66.43955917
389.7	66.87256202
389.8	67.01184739
389.9	67.56574206
390	67.59099312
390.1	68.56458987
390.2	66.69457881
390.3	67.67413004
390.4	67.26446231
390.5	66.64543058
390.6	69.50146521
390.7	68.73809938
390.8	67.40489507
390.9	67.36084229
391	66.37625408
391.1	67.63775396
391.2	66.87201997
391.3	66.98376252
391.4	67.43973745
391.5	66.47349349
391.6	66.47020033
391.7	66.45633178
391.8	67.46413948
391.9	66.61434499
392	68.70733574
392.1	66.34930177
392.2	67.76985679
392.3	66.66810888
392.4	66.49351849
392.5	66.43907326
392.6	66.13461291
392.7	68.71865888
392.8	67.99444226
392.9	67.44811225
393	68.36766919
393.1	67.64144652
393.2	67.87524387
393.3	67.71273692
393.4	66.54220253
393.5	68.97279365
393.6	67.13628923
393.7	68.24350183
393.8	66.73249352
393.9	68.08945873
394	66.73903874
394.1	66.53596111
394.2	66.55802203
394.3	66.83759127
394.4	67.60168313
394.5	66.71208259
394.6	67.01326872
394.7	67.59834926
394.8	68.42288255
394.9	66.20229156
395	67.59497382
395.1	66.92592367
395.2	67.00654285
395.3	67.6703908
395.4	68.60097393
395.5	66.25797492
395.6	67.93722899
395.7	68.80053061
395.8	67.62561852
395.9	66.58055701
396	66.06507071
396.1	68.61226135
396.2	67.36405723
396.3	66.16983717
396.4	67.70369457
396.5	67.24528524
396.6	68.62151106
396.7	68.26067625
396.8	69.1851631
396.9	66.34369487
397	67.05120539
397.1	65.42018757
397.2	67.75993249
397.3	68.17871199
397.4	68.55042671
397.5	66.89994169
397.6	68.96388678
397.7	67.46103779
397.8	67.83565527
397.9	65.42402802
398	67.39358437
398.1	67.54132335
398.2	66.53271262
398.3	66.53874021
398.4	67.29568023
398.5	68.05237576
398.6	68.54651001
398.7	66.59127062
398.8	66.67542597
398.9	66.59699637
399	66.40083852
399.1	65.42502611
399.2	68.60012919
399.3	68.17456085
399.4	66.95584634
399.5	67.40801324
399.6	67.7472039
399.7	67.26164538
399.8	67.42194055
399.9	68.10567186
400	67.53008794
400.1	67.60178336
400.2	66.63200986
400.3	67.59010492
400.4	67.54082001
400.5	66.0771819
400.6	66.26326575
400.7	67.47013599
400.8	67.50653575
400.9	67.96891248
401	67.01337119
401.1	68.33220448
401.2	67.82027896
401.3	66.481328
401.4	67.98932281
401.5	67.68493407
401.6	67.04700888
401.7	68.04953929
401.8	68.62887543
401.9	66.51001205
402	67.96654936
402.1	67.41104093
402.2	68.93234822
402.3	68.11785491
402.4	66.627802
402.5	68.01250852
402.6	68.91818313
402.7	66.87875996
402.8	67.6078868
402.9	68.05124562
403	66.60870221
403.1	67.57537054
403.2	67.4572834
403.3	67.59410307
403.4	68.44034857
403.5	67.13977964
403.6	68.70216803
403.7	68.32054708
403.8	67.65009132
403.9	66.89019516
404	67.07827549
404.1	67.69537728
404.2	67.34185556
404.3	67.43999227
404.4	67.28740342
404.5	67.25169741
404.6	66.47201745
404.7	68.05489288
404.8	66.83010213
404.9	67.92283777
405	67.7706586
405.1	68.0462046
405.2	67.68012076
405.3	67.15608454
405.4	68.27625008
405.5	68.60343505
405.6	67.41962387
405.7	67.96292949
405.8	67.01434391
405.9	67.3054547
406	66.77805723
406.1	68.28186684
406.2	67.83152725
406.3	68.26794514
406.4	68.38479392
406.5	66.804792
406.6	68.15425979
406.7	66.45386537
406.8	67.98708475
406.9	66.68791868
407	66.98477103
407.1	67.76199284
407.2	67.43112773
407.3	68.79873898
407.4	67.42982559
407.5	65.90958217
407.6	67.13962986
407.7	67.3068114
407.8	67.77369952
407.9	67.92075428
408	68.57093014
408.1	66.62482766
408.2	68.82245072
408.3	68.04230338
408.4	66.9158582
408.5	66.97827447
408.6	67.16854293
408.7	67.27220191
408.8	67.31039841
408.9	68.28599686
409	67.85386813
409.1	68.48004683
409.2	67.77948615
409.3	66.57786531
409.4	67.504387
409.5	69.00120728
409.6	68.04095952
409.7	65.79184049
409.8	67.17997119
409.9	69.51089744
410	68.07483609
410.1	66.41755474
410.2	67.06486496
410.3	68.26975374
410.4	68.81941512
410.5	67.60469847
410.6	68.17871951
410.7	67.67057594
410.8	67.14741891
410.9	68.14233942
411	67.29382681
411.1	68.84529579
411.2	66.58232749
411.3	66.33002116
411.4	66.97678168
411.5	66.17606658
411.6	67.84826971
411.7	66.34455654
411.8	68.10553979
411.9	68.98845281
412	66.99743646
412.1	67.74424567
412.2	65.2917523
412.3	66.1978481
412.4	68.31679864
412.5	64.98841339
412.6	67.8286204
412.7	67.93119046
412.8	66.05636344
412.9	68.91155434
413	66.50939473
413.1	67.24129519
413.2	67.64284472
413.3	67.58902452
413.4	68.1590869
413.5	68.50180826
413.6	67.36274902
413.7	67.42754621
413.8	68.1539068
413.9	67.73777276
414	66.49208054
414.1	67.35094235
414.2	67.87743423
414.3	67.75796052
414.4	66.16296673
414.5	67.31647377
414.6	68.27261818
414.7	67.62109614
414.8	66.73948716
414.9	67.28282662
415	66.702966
415.1	66.27884462
415.2	68.576784
415.3	68.09941118
415.4	67.80848572
415.5	68.51874278
415.6	67.85364304
415.7	68.57493882
415.8	66.44985834
415.9	68.50402859
416	67.13429553
416.1	66.37429142
416.2	67.5800677
416.3	68.86195087
416.4	67.44745675
416.5	66.49276063
416.6	66.71473642
416.7	67.42767375
416.8	67.48003272
416.9	67.16053461
417	68.41384801
417.1	67.21103239
417.2	66.93068713
417.3	68.23142835
417.4	68.77009515
417.5	68.4781515
417.6	66.44984849
417.7	67.12661119
417.8	68.30242929
417.9	67.03361782
418	67.24193067
418.1	69.33172773
418.2	67.31453076
418.3	68.21083206
418.4	66.48083979
418.5	68.40377448
418.6	66.84577455
418.7	67.64177975
418.8	67.56722309
418.9	67.71465191
419	67.2185944
419.1	67.37011219
419.2	67.08413968
419.3	66.21593817
419.4	65.63701718
419.5	67.11814917
419.6	67.37749489
419.7	65.99255671
419.8	68.02240082
419.9	66.69106869
420	67.47389103
420.1	67.09700605
420.2	67.53207351
420.3	67.74069936
420.4	65.46132805
420.5	67.00166124
420.6	66.98195311
420.7	68.5573242
420.8	68.09225091
420.9	66.8986152
421	67.77613857
421.1	68.61562304
421.2	66.37153797
421.3	68.28555865
421.4	66.34715874
421.5	68.29631992
421.6	68.20785058
421.7	66.84843362
421.8	66.96122306
421.9	69.71947376
422	68.13466165
422.1	67.14093437
422.2	68.99776539
422.3	67.09382524
422.4	67.28737521
422.5	66.75694396
422.6	69.42628794
422.7	67.05511658
422.8	67.37194953
422.9	66.30832259
423	66.52759782
423.1	65.635396
423.2	68.23063573
423.3	66.83933912
423.4	67.53444829
423.5	68.62580629
423.6	67.77389418
423.7	67.50685196
423.8	66.64014741
423.9	67.04569701
424	67.59285203
424.1	66.89143319
424.2	68.4330198
424.3	67.88527486
424.4	67.42595355
424.5	67.93005763
424.6	65.49609294
424.7	67.45780137
424.8	66.5361833
424.9	68.82177338
425	66.5648709
425.1	67.60604627
425.2	68.63228099
425.3	66.21845821
425.4	67.96419201
425.5	68.46101209
425.6	66.96906008
425.7	66.92754639
425.8	67.63755822
425.9	66.47830899
426	65.49025635
426.1	66.55035489
426.2	67.26502806
426.3	66.9325025
426.4	67.77074252
426.5	67.37253662
426.6	67.3300435
426.7	67.80492603
426.8	67.15794944
426.9	65.85968459
427	69.3390171
427.1	67.15843639
427.2	68.12491543
427.3	67.75623599
427.4	66.99028524
427.5	68.12469072
427.6	67.76519616
427.7	67.96787512
427.8	65.8637761
427.9	66.81521966
428	67.71294269
428.1	67.04941629
428.2	68.58899181
428.3	67.93543927
428.4	67.81495973
428.5	67.96917784
428.6	67.37577944
428.7	68.06901079
428.8	68.03670116
428.9	67.67826489
429	66.88939179
429.1	68.17781413
429.2	67.11380478
429.3	67.55086641
429.4	67.70440668
429.5	68.06808118
429.6	67.70510278
429.7	66.7183721
429.8	67.32973023
429.9	66.8890933
430	66.62341383
430.1	66.29587292
430.2	68.00951276
430.3	65.70874247
430.4	67.07845947
430.5	67.36766662
430.6	68.20068225
430.7	67.95380326
430.8	68.00450252
430.9	67.25431467
431	66.9415581
431.1	67.41100333
431.2	67.0937034
431.3	67.15843188
431.4	67.41888867
431.5	68.05432696
431.6	68.38555009
431.7	66.52245752
431.8	67.61430592
431.9	68.49260158
432	67.77171261
432.1	68.0069862
432.2	68.73422634
432.3	67.48543855
432.4	67.91357435
432.5	66.61734691
432.6	67.72697789
432.7	65.86083306
432.8	67.49769676
432.9	67.53932248
433	67.19576522
433.1	65.80727521
433.2	68.68051756
433.3	68.62456408
433.4	67.1068701
433.5	67.31179925
433.6	68.40539513
433.7	68.16229761
433.8	66.22486179
433.9	67.78969302
434	67.49026499
434.1	67.42700641
434.2	67.09030709
434.3	67.28191334
434.4	67.09790068
434.5	67.31314868
434.6	67.10739136
434.7	67.31041046
434.8	65.86109272
434.9	67.39797358
435	67.7579351
435.1	67.6529292
435.2	67.84790957
435.3	67.18567855
435.4	67.61110723
435.5	67.10517962
435.6	66.83919328
435.7	68.73836087
435.8	68.36225141
435.9	66.85546883
436	68.89739542
436.1	68.41850352
436.2	67.16658046
436.3	68.19070633
436.4	66.41775422
436.5	66.5094516
436.6	67.21516399
436.7	66.88186055
436.8	67.22044891
436.9	66.82180376
437	67.22037771
437.1	68.60211
437.2	67.31813808
437.3	69.2126648
437.4	66.79229211
437.5	67.96149633
437.6	68.42201257
437.7	67.87881396
437.8	66.51755864
437.9	67.32603904
438	66.57105995
438.1	68.82999761
438.2	67.97709469
438.3	66.41587649
438.4	67.32516359
438.5	67.52625138
438.6	67.58091925
438.7	68.83148659
438.8	67.29024342
438.9	68.08471091
439	68.67803757
439.1	67.86514942
439.2	68.70638794
439.3	68.87894461
439.4	68.94165627
439.5	67.60115352
439.6	67.66650659
439.7	68.10970332
439.8	67.37050655
439.9	67.50029672
440	67.4670806
440.1	67.12068021
440.2	67.17363094
440.3	67.09427887
440.4	68.47773439
440.5	66.87036086
440.6	67.27739508
440.7	68.45999188
440.8	68.21786797
440.9	67.47698809
441	67.48634009
441.1	65.76172368
441.2	66.72620035
441.3	68.06154507
441.4	67.32873684
441.5	68.64188401
441.6	68.07567279
441.7	66.0025041
441.8	67.81694644
441.9	66.83729543
442	66.05964175
442.1	67.58720453
442.2	68.55749222
442.3	66.77319737
442.4	67.59675068
442.5	66.41225542
442.6	67.38923672
442.7	66.31998966
442.8	66.77500604
442.9	67.57490254
443	67.02581904
443.1	68.2368672
443.2	67.63524083
443.3	67.66920548
443.4	66.33738835
443.5	66.65066709
443.6	67.71625585
443.7	69.19405866
443.8	67.53191591
443.9	67.98432195
444	66.07166044
444.1	67.99489478
444.2	66.5791233
444.3	68.34161583
444.4	66.83660249
444.5	67.60437646
444.6	68.24643791
444.7	66.44549998
444.8	67.15619655
444.9	68.50645338
445	67.87100228
445.1	66.53538608
445.2	68.20892746
445.3	65.0208599
445.4	66.36776886
445.5	66.78535032
445.6	67.36644296
445.7	67.10937482
445.8	66.97060728
445.9	67.7164244
446	66.96445324
446.1	67.23864665
446.2	67.80057954
446.3	66.82954774
446.4	65.4302921
446.5	65.99958351
446.6	68.12334123
446.7	65.71680879
446.8	67.78074409
446.9	69.01288839
447	68.68058909
447.1	67.89189747
447.2	67.6947951
447.3	68.85170574
447.4	68.45430701
447.5	67.0556935
447.6	68.29615889
447.7	68.73836014
447.8	66.16034452
447.9	66.93782588
448	66.87058224
448.1	67.99677608
448.2	67.93916107
448.3	67.57479262
448.4	66.38618164
448.5	68.12912177
448.6	67.54072186
448.7	67.79688443
448.8	67.89675395
448.9	66.89974594
449	66.69469889
449.1	68.18641632
449.2	66.7023647
449.3	67.74730922
449.4	67.15595571
449.5	67.68522629
449.6	66.87777215
449.7	66.81702246
449.8	67.26553554
449.9	67.34103225
450	66.91481628
450.1	69.04144968
450.2	68.10411043
450.3	66.86483366
450.4	67.1586215
450.5	66.31912284
450.6	67.96176857
450.7	66.44714146
450.8	67.07137386
450.9	67.49615941
451	69.50123717
451.1	67.96322049
451.2	67.2847968
451.3	68.29208121
451.4	68.04283925
451.5	67.59745793
451.6	66.52192377
451.7	67.83714184
451.8	68.60080554
451.9	67.12777055
452	68.1714749
452.1	67.48636675
452.2	66.64301451
452.3	67.34450796
452.4	67.87439186
452.5	68.43299236
452.6	69.00635135
452.7	66.68708202
452.8	68.19160848
452.9	68.80566504
453	67.64508268
453.1	66.46750351
453.2	68.33885461
453.3	66.24045789
453.4	67.88540027
453.5	68.16984738
453.6	66.66112879
453.7	67.23484233
453.8	68.77565308
453.9	67.86577064
454	67.55975186
454.1	67.76240311
454.2	67.4068828
454.3	67.56568958
454.4	66.40311815
454.5	66.77746217
454.6	67.83594424
454.7	66.74117684
454.8	66.83180733
454.9	68.05213479
455	69.41742846
455.1	67.21360839
455.2	66.72766082
455.3	66.53812997
455.4	67.56481403
455.5	66.64004478
455.6	68.97275468
455.7	67.39392196
455.8	66.90780602
455.9	68.07128099
456	66.19127249
456.1	67.82946871
456.2	67.73959252
456.3	68.75783344
456.4	67.22572197
456.5	69.25782436
456.6	68.28194553
456.7	66.87260617
456.8	66.70970843
456.9	66.92298075
457	67.00633869
457.1	67.03923347
457.2	67.86472907
457.3	67.2975805
457.4	67.63712184
457.5	66.97506929
457.6	67.30887494
457.7	67.85833033
457.8	68.20916095
457.9	66.58410283
458	66.36507913
458.1	67.42985035
458.2	67.60755698
458.3	66.61313814
458.4	67.101554
458.5	68.1193963
458.6	67.15431745
458.7	69.08212478
458.8	68.39329273
458.9	66.84302892
459	66.92275103
459.1	67.94613376
459.2	68.28755919
459.3	69.15118227
459.4	67.14904916
459.5	66.54736243
459.6	66.67385556
459.7	67.70146566
459.8	67.11728716
459.9	68.08034627
460	67.42366679
460.1	69.13136692
460.2	68.11094719
460.3	69.0182071
460.4	67.37412358
460.5	67.14651201
460.6	66.49115883
460.7	68.39339419
460.8	67.92221179
460.9	69.2955881
461	67.95316133
461.1	68.2949211
461.2	67.90204814
461.3	68.95349624
461.4	67.55529119
461.5	67.68287904
461.6	67.21009187
461.7	67.61152322
461.8	67.00848485
461.9	66.68505904
462	67.84310655
462.1	67.57239927
462.2	67.91278117
462.3	67.45120102
462.4	67.84363441
462.5	67.42964252
462.6	69.70501072
462.7	66.4224352
462.8	70.15045104
462.9	67.43464565
463	67.06329935
463.1	68.08930957
463.2	67.01425609
463.3	67.96372436
463.4	67.25797824
463.5	68.69573444
463.6	67.35640898
463.7	68.17508557
463.8	67.62938882
463.9	67.65654273
464	67.43490697
464.1	66.81520596
464.2	67.53907843
464.3	68.25666311
464.4	67.85509385
464.5	66.73743596
464.6	66.733377
464.7	67.86671124
464.8	67.64920269
464.9	68.76217197
465	66.82213948
465.1	68.3066255
465.2	66.87981565
465.3	67.98430174
465.4	66.2808862
465.5	67.95698027
465.6	68.66390517
465.7	64.29406279
465.8	68.44215983
465.9	67.89409505
466	67.84020356
466.1	66.23246669
466.2	69.09840835
466.3	68.81321246
466.4	65.97085089
466.5	68.52849486
466.6	66.61908001
466.7	67.15896236
466.8	68.21491667
466.9	68.21480983
467	67.03956394
467.1	66.57074522
467.2	67.46964873
467.3	66.81717571
467.4	66.47004574
467.5	66.55750633
467.6	69.16805257
467.7	67.22484227
467.8	68.13032996
467.9	67.05151822
468	67.72972673
468.1	67.37440211
468.2	67.32699934
468.3	68.31315586
468.4	67.96351288
468.5	67.42658917
468.6	67.18090373
468.7	67.45926177
468.8	66.81530436
468.9	67.45140239
469	66.22410331
469.1	66.93865771
469.2	68.96327404
469.3	67.66566022
469.4	66.79318593
469.5	68.30881022
469.6	67.62764769
469.7	66.87362736
469.8	66.67856101
469.9	68.83131151
470	67.01359533
470.1	69.10755564
470.2	67.39304678
470.3	67.3961901
470.4	67.88591785
470.5	67.18714242
470.6	67.93128074
470.7	65.54503311
470.8	66.9740507
470.9	68.18005149
471	66.78226836
471.1	68.34722694
471.2	69.10524528
471.3	68.98728727
471.4	66.27806921
471.5	66.53552212
471.6	66.76146898
471.7	66.44312006
471.8	67.91200592
471.9	67.75530218
472	68.85543153
472.1	67.26384396
472.2	68.65176843
472.3	66.83168791
472.4	67.69231358
472.5	68.46122971
472.6	67.68453942
472.7	67.39617786
472.8	68.21948078
472.9	67.59748159
473	65.91101618
473.1	69.20084845
473.2	67.97640238
473.3	66.78843409
473.4	67.69486051
473.5	68.11019923
473.6	67.62481137
473.7	67.31409631
473.8	66.89452949
473.9	67.63526856
474	67.41633566
474.1	67.40024979
474.2	69.39708926
474.3	66.9743202
474.4	66.54954243
474.5	68.59732716
474.6	67.22358477
474.7	67.1407024
474.8	68.17171439
474.9	68.18668986
475	67.4079512
475.1	67.10782077
475.2	67.17445356
475.3	66.97461377
475.4	66.94839551
475.5	66.41785122
475.6	66.94104111
475.7	68.59887163
475.8	67.71813423
475.9	67.60929312
476	66.75070649
476.1	66.64841923
476.2	68.05120562
476.3	67.14337011
476.4	68.26401538
476.5	67.83665164
476.6	68.16684472
476.7	67.28240787
476.8	68.29834953
476.9	67.6538691
477	67.59993456
477.1	67.28753015
477.2	66.91563031
477.3	68.34205022
477.4	66.64639654
477.5	67.04595523
477.6	67.54849304
477.7	67.77880866
477.8	66.2465724
477.9	65.93605995
478	68.7295929
478.1	67.7936746
478.2	67.1904853
478.3	66.51560833
478.4	68.37082708
478.5	67.72092412
478.6	67.19150582
478.7	68.73072579
478.8	66.09631715
478.9	66.95510105
479	68.03933974
479.1	68.02152085
479.2	67.8749553
479.3	68.18457143
479.4	67.62932633
479.5	65.58552187
479.6	65.6921451
479.7	66.73435117
479.8	68.14049055
479.9	67.19498247
480	68.20917688
480.1	67.33705241
480.2	66.31223758
480.3	68.79337924
480.4	66.88945555
480.5	67.99424827
480.6	67.66097818
480.7	68.78045068
480.8	67.8986048
480.9	68.07076165
481	68.76631678
481.1	67.87393363
481.2	68.37820454
481.3	67.15035017
481.4	67.11588774
481.5	66.47688291
481.6	67.25445556
481.7	68.97268288
481.8	67.70467155
481.9	67.64656231
482	67.36803048
482.1	66.18698348
482.2	65.87282934
482.3	67.15868428
482.4	67.15318938
482.5	66.65310051
482.6	67.11192285
482.7	65.65293491
482.8	67.40478177
482.9	67.50758907
483	67.62827681
483.1	66.05342203
483.2	67.2241359
483.3	67.91963052
483.4	68.09416884
483.5	67.10043101
483.6	67.6917978
483.7	67.68494198
483.8	67.84177074
483.9	67.38427092
484	67.53890264
484.1	67.95118734
484.2	67.77606912
484.3	67.29845271
484.4	65.46984051
484.5	67.46742603
484.6	67.72822197
484.7	67.88515932
484.8	66.96189884
484.9	66.83752619
485	67.09160749
485.1	66.91438541
485.2	68.02228372
485.3	68.53997433
485.4	68.36940018
485.5	68.54851854
485.6	66.51441457
485.7	66.63926605
485.8	66.97358825
485.9	67.66581099
486	69.02878679
486.1	68.53303384
486.2	68.92302306
486.3	65.518589
486.4	67.72691354
486.5	67.66466734
486.6	67.06928097
486.7	67.98422835
486.8	67.26973139
486.9	68.1740545
487	69.49200261
487.1	67.11954111
487.2	67.78077988
487.3	66.37233232
487.4	68.00102695
487.5	68.28745187
487.6	68.30348252
487.7	66.26082299
487.8	66.26337821
487.9	66.28403177
488	66.2741514
488.1	67.48727329
488.2	68.34896214
488.3	67.94748615
488.4	68.86081884
488.5	67.04077922
488.6	67.75594538
488.7	68.02844251
488.8	68.16645251
488.9	68.52215671
489	66.57184272
489.1	68.22080031
489.2	67.24941203
489.3	68.35753057
489.4	68.70280642
489.5	67.14557849
489.6	66.45522476
489.7	67.7497334
489.8	67.32045328
489.9	67.36897538
490	68.43452409
490.1	68.07932993
490.2	66.83377443
490.3	66.31763212
490.4	67.45336768
490.5	68.64257438
490.6	68.79486942
490.7	68.0516893
490.8	67.77514308
490.9	68.7835431
491	67.02200993
491.1	67.94923752
491.2	68.0336976
491.3	68.39362434
491.4	66.41182097
491.5	67.29878702
491.6	67.53905588
491.7	67.25322519
491.8	66.99948689
491.9	68.21606023
492	67.74094993
492.1	67.39207175
492.2	67.46181239
492.3	68.12608684
492.4	67.39165099
492.5	66.90420597
492.6	67.4653974
492.7	68.44049513
492.8	66.62341293
492.9	68.13933958
493	67.22072216
493.1	67.28235974
493.2	66.76238801
493.3	68.22250372
493.4	67.3562676
493.5	67.92635824
493.6	67.82892167
493.7	67.72966487
493.8	69.03835406
493.9	67.15877185
494	67.72442466
494.1	67.98442646
494.2	67.61402068
494.3	68.17495546
494.4	67.68395068
494.5	67.25023642
494.6	67.59312742
494.7	66.93040114
494.8	66.05850199
494.9	68.49954912
495	65.976557
495.1	66.68538478
495.2	66.51675418
495.3	68.19724054
495.4	67.7233955
495.5	66.85498935
495.6	67.65983236
495.7	67.34182434
495.8	67.28815914
495.9	67.26674805
496	66.58532701
496.1	67.29523997
496.2	67.74849819
496.3	67.67810005
496.4	67.8582022
496.5	68.04635122
496.6	67.41919129
496.7	67.52400795
496.8	67.454227
496.9	68.7815284
497	67.39884419
497.1	67.05259893
497.2	66.47314567
497.3	66.7572323
497.4	66.88248695
497.5	67.58210933
497.6	68.96834545
497.7	67.41340502
497.8	67.67736877
497.9	67.24752114
498	66.99508452
498.1	68.39389562
498.2	66.90203277
498.3	68.38074649
498.4	67.12008512
498.5	69.96350958
498.6	66.20390007
498.7	67.50812114
498.8	68.27527584
498.9	66.75336551
499	67.59365475
499.1	67.7183753
499.2	65.83533948
499.3	66.8944883
499.4	66.09162194
499.5	68.01016512
499.6	67.30117201
499.7	67.77799758
499.8	67.60661468
499.9	66.81402004
500	68.13908664
